2.815979
3.110771
3.405562
3.700354
3.995146
4.289937
4.584729
4.879521
5.174313
5.482042
5.777688
6.073312
6.368937
6.664563
6.960208
7.255833
7.551458
7.847084
8.142729
8.761833
9.353000
9.944187
10.535355
11.308625
11.899271
12.489938
13.080605
14.156146
14.748083
15.340021
15.931958
16.545750
17.139084
17.732395
18.325729
18.919043
19.557480
20.151541
20.745583
21.339624
21.924063
22.513979
23.103874
23.693792
24.283709
24.920855
25.510563
26.100250
26.689959
27.279667
27.874729
28.464104
29.053499
29.642897
30.185375
30.775854
31.366354
31.956833
32.547333
33.300415
33.891521
34.482605
35.073708
35.686707
36.276585
36.866436
37.456291
38.046165
38.498688
39.088272
39.677853
40.267437
40.857040
41.258209
41.847626
42.437042
43.026478
43.615894
44.028187
44.616207
45.204250
45.792271
46.380291
46.958084
47.546520
48.134979
48.723415
49.398125
49.987228
50.576355
51.165478
51.754581
52.381042
52.969353
53.557667
54.145981
54.738834
55.326542
55.914249
56.501938
57.089645
57.667084
58.255207
58.843311
59.431416
60.019520
60.475895
61.062168
61.648438
62.234688
62.805790
63.386543
63.967270
64.548019
65.128754
65.696144
66.270706
66.845268
67.419853
67.994415
68.540726
69.117668
69.694603
70.271545
70.848457
71.444038
72.036209
72.628372
73.220543
73.788857
74.382706
74.976585
75.570435
76.164291
76.716232
77.304893
77.893562
78.482231
79.070892
79.659897
80.242691
80.825500
81.408295
82.273705
82.867561
83.461441
84.055290
84.653603
85.248001
85.842377
86.436768
87.031166
87.660667
88.258583
88.856522
89.454437
90.052376
90.640625
91.239563
91.838478
92.437393
93.032440
93.627228
94.222023
94.816833
95.411629
95.948273
96.541855
97.135437
97.729042
98.324165
98.912170
99.500168
100.088165
100.676170
101.271622
101.858627
102.445602
103.032600
103.619583
104.221397
104.806435
105.391457
105.976501
106.637566
106.995087
107.352623
107.710167
108.067688
108.425232
108.782768
109.140312
109.472542
109.815437
110.158333
110.501251
110.844147
111.187042
111.529938
111.872856
112.147415
112.490707
112.834023
113.177330
113.520645
113.863937
114.207253
114.550560
114.883835
115.227768
115.571709
115.915649
116.259605
116.603539
116.947479
117.291420
117.616310
117.957001
118.297684
118.638351
118.979042
119.319733
119.660393
120.001083
120.537399
121.084396
121.631378
122.178375
122.725357
123.236107
123.777039
124.317978
124.858917
125.399857
126.065292
126.603981
127.142670
127.681374
128.220062
128.744461
129.279526
129.814560
130.349625
130.884689
131.333984
131.867691
132.401413
132.935150
133.468857
134.314911
134.850876
135.386810
135.922775
136.458725
136.987000
137.525940
138.064850
138.603790
139.142731
139.634766
140.137497
140.640213
141.142944
141.645645
142.127853
142.620728
143.113602
143.606476
144.099380
144.592255
145.075256
145.568924
146.062607
146.556274
147.049942
147.531555
148.023849
148.516129
149.008423
149.500702
149.992996
150.566727
151.058838
151.550934
152.043060
152.535172
153.277130
153.770432
154.263748
154.757065
155.250351
155.750534
156.243729
156.736893
157.230057
157.723251
158.216415
158.795044
159.292694
159.790329
160.287979
160.785599
161.298599
161.794601
162.290619
162.786652
163.282669
163.778687
164.546432
165.046143
165.545853
166.045547
166.545258
167.020813
167.522003
168.023193
168.524353
169.025543
169.484604
169.987839
170.491089
170.994308
171.497559
172.000793
172.509979
173.018860
173.527725
174.036606
174.545502
175.074997
175.587585
176.100174
176.612732
177.125305
177.615936
178.095001
178.574066
179.053131
179.532181
180.011246
180.463684
180.943832
181.423996
181.904144
182.384293
182.864441
183.403976
183.881500
184.358994
184.836502
185.314026
185.893463
186.399292
186.905151
187.410995
187.916855
188.900986
189.404373
189.907776
190.411163
190.914566
191.301102
191.767120
192.233139
192.699173
193.165192
193.631210
193.997269
194.463104
194.928940
195.394775
195.860611
196.326462
196.715317
197.178955
197.642609
198.106232
198.569870
199.033524
199.400894
199.861328
200.321747
200.782181
201.242599
201.703049
202.341507
202.801422
203.261353
203.721298
204.181213
204.641144
205.109650
205.546173
205.982712
206.419235
206.855774
207.292297
207.731293
208.163101
208.594894
209.026703
209.458496
209.890289
210.668503
211.102341
211.536163
211.970001
212.403839
212.837662
213.470474
213.909683
214.348892
214.788086
215.227295
215.666504
216.266937
216.707001
217.147049
217.587097
218.027145
218.463852
218.908112
219.352341
219.796570
220.240814
220.685043
221.129288
221.580063
222.024139
222.468216
222.912277
223.356339
223.800415
224.263611
224.708298
225.152954
225.597641
226.042328
226.487015
226.839722
227.284088
227.728455
228.172806
228.617188
229.061569
229.468536
229.923935
230.379333
230.834732
231.290131
231.745514
232.310486
232.766998
233.223541
233.680069
234.136597
234.593124
235.017914
235.467316
235.916687
236.366089
236.815475
237.264877
237.967377
238.414810
238.862228
239.309662
239.757111
240.204544
240.635513
241.077164
241.518814
241.960464
242.402100
242.843750
243.392914
243.875580
244.358246
244.840912
245.323578
245.869965
246.348831
246.827713
247.306564
247.785431
248.264313
248.688766
249.158310
249.627838
250.097351
250.566879
251.036392
251.498398
251.969437
252.440460
252.911484
253.382507
253.853516
254.196014
254.558716
254.921402
255.284088
255.646774
256.009491
256.372162
256.676880
257.037598
257.398285
257.759003
258.119720
258.480408
258.841125
259.201843
259.587219
259.952057
260.316864
260.681702
261.046509
261.411316
261.776123
262.501648
262.874908
263.248199
263.621460
263.994720
264.368011
264.741272
265.075775
265.450897
265.825989
266.201111
266.576233
266.951324
267.326447
267.683167
268.024841
268.366547
268.708221
269.049927
269.391632
269.733307
270.075012
270.410645
270.753693
271.096741
271.439789
271.782837
272.125885
272.468933
272.811981
273.394653
273.737244
274.079803
274.422363
274.764923
275.107513
275.450073
276.103882
276.624939
277.146027
277.667084
278.188171
278.662842
279.184570
279.706329
280.228088
280.749847
281.334412
281.845306
282.356201
282.867065
283.377960
283.888824
284.556274
285.201508
285.846710
286.491913
287.125488
287.772186
288.418884
289.065582
289.731262
290.370148
291.009033
291.647919
292.244781
292.858093
293.471375
294.084656
294.697968
295.330261
295.969177
296.608093
297.247009
297.836090
298.450134
299.064148
299.678131
300.292175
300.928589
301.549408
302.170227
302.791046
303.456299
304.104095
304.751862
305.399658
306.079742
306.726654
307.373596
308.020538
309.000977
309.650177
310.299408
310.948578
311.692596
312.340759
312.988953
313.637115
314.274658
314.899292
315.523956
316.148621
316.797119
317.425720
318.054352
318.682983
319.311615
319.990295
320.639496
321.288727
321.937927
322.624969
323.274261
323.923584
324.572906
325.022949
325.649261
326.275574
326.901886
327.528198
327.860657
328.268219
328.675812
329.083405
329.490967
329.898529
330.306122
330.754272
331.159332
331.564423
331.969482
332.374573
332.779633
333.284454
333.689819
334.095154
334.500519
334.905884
335.311218
335.716583
336.135010
336.541840
336.948700
337.355530
337.762390
338.169250
338.576080
338.897858
339.303528
339.709198
340.114838
340.520508
340.926147
341.374573
341.789154
342.203735
342.618347
343.032928
343.447510
343.862091
344.283112
344.682922
345.082794
345.482635
345.882477
346.282318
346.682159
347.022980
347.437469
347.851929
348.266418
348.680908
349.095367
349.509827
349.871613
350.284241
350.696838
351.109467
351.522095
351.934723
352.629425
353.040741
353.451996
353.863251
354.274597
354.685822
355.108002
355.574158
356.040344
356.506500
356.972656
357.438843
358.080322
358.533997
358.987762
359.441406
359.895111
360.348846
360.795959
361.246155
361.696411
362.146667
362.596863
363.047089
363.553009
364.002594
364.452118
364.901672
365.351257
365.800781
366.239624
366.690491
367.141327
367.592163
368.042999
368.493835
368.845428
369.301422
369.757385
370.213379
370.669373
371.125366
371.442047
371.891174
372.340240
372.789429
373.238495
373.687622
374.156036
374.618652
375.081329
375.543945
376.006592
376.469238
377.214844
377.618958
378.023071
378.427246
378.831360
379.235504
379.575500
379.949158
380.322845
380.696503
381.070221
381.443909
381.817596
382.191254
382.611176
382.985748
383.360291
383.734863
384.109406
384.484009
384.858582
385.326538
385.700623
386.074677
386.448761
386.822845
387.196869
387.570923
388.194672
388.695404
389.196259
389.696991
390.197845
390.676575
391.175079
391.673584
392.172180
392.670654
393.169159
393.661255
394.160736
394.660278
395.159821
395.659332
396.157013
396.655945
397.154907
397.653839
398.152740
398.651672
399.032074
399.529968
400.027832
400.525757
401.023682
401.541290
402.044098
402.546906
403.049713
403.552490
404.055328
404.524323
405.004028
405.483765
405.963409
406.443115
407.007324
407.514069
408.020844
408.527588
409.034332
409.541077
409.997040
410.499451
411.001862
411.504303
412.006653
412.525330
413.026672
413.528015
414.029297
414.530640
415.031952
415.776550
416.298157
416.819824
417.341492
417.843170
418.355469
418.867737
419.380096
419.892365
420.404663
420.785217
421.298096
421.810944
422.323822
422.836700
423.395172
423.907990
424.420929
424.933746
425.446655
425.959503
426.385712
426.899261
427.412750
427.926331
428.439819
428.942596
429.455994
429.969421
430.482819
430.996246
431.555328
432.064758
432.574158
433.083527
433.592926
434.102325
434.666656
435.197296
435.727905
436.258575
436.789215
437.292908
437.795135
438.297333
438.799530
439.301758
439.715912
440.083832
440.451752
440.819672
441.187592
441.555450
441.923370
442.291260
442.689087
443.051880
443.414612
443.777374
444.140137
444.502930
444.865662
445.266510
445.604706
445.942902
446.281097
446.619263
446.957428
447.295593
447.633789
447.960052
448.298737
448.637421
448.976074
449.314758
449.653412
449.992126
450.330780
450.836914
451.342499
451.847992
452.353577
452.859131
453.436798
453.945068
454.453430
454.961761
455.470032
455.978333
456.606598
457.093750
457.580994
458.068176
458.555420
459.061584
459.548035
460.034485
460.520996
461.007416
461.540527
462.029572
462.518585
463.007568
463.496613
463.985657
464.520203
465.016632
465.513092
466.009491
466.505920
466.937927
467.437500
467.937134
468.436707
468.936340
469.435913
469.834412
470.339050
470.843719
471.348328
471.852997
472.357666
472.678741
473.145905
473.613129
474.080322
474.547485
475.014709
475.374329
475.841827
476.309326
476.776825
477.244324
477.711823
478.272369
478.737885
479.203369
479.668884
480.134369
480.726593
481.193329
481.660095
482.126831
482.593597
483.060333
483.671844
484.119751
484.567627
485.015503
485.463409
485.911285
486.359344
486.818085
487.276794
487.735504
488.194244
488.652954
489.061218
489.516998
489.972748
490.428589
490.884338
491.340179
491.855743
492.311249
492.766785
493.222290
493.677795
494.133331
494.542999
494.998932
495.454926
495.910919
496.366882
496.822845
497.253967
497.695923
498.137909
498.579926
499.021912
499.463928
499.937073
500.404633
500.872162
501.339752
501.807343
502.274872
502.733887
503.203247
503.672577
504.141907
504.611298
505.080658
505.498505
505.966492
506.434418
506.902405
507.370422
507.838379
508.224457
508.687408
509.150330
509.613251
510.076202
510.539154
510.872528
511.301910
511.731293
512.160645
512.590027
513.019409
513.430237
513.851685
514.273193
514.694641
515.116150
515.537598
515.959106
516.368896
516.789307
517.209839
517.630249
518.050720
518.471191
518.881592
519.302673
519.723755
520.144836
520.565857
520.986938
521.408020
521.876160
522.292847
522.709595
523.126221
523.542969
523.959656
524.403442
524.815979
525.228638
525.641235
526.053833
526.466431
526.879028
527.300659
527.712097
528.123596
528.534973
528.946472
529.357910
529.906982
530.316711
530.726501
531.136230
531.546021
531.955750
532.365479
532.895142
533.331665
533.768188
534.204651
534.641174
535.077637
535.847107
536.432373
537.017639
537.602905
538.211365
538.795593
539.379822
539.964111
540.548279
541.120972
541.705322
542.289673
542.874023
543.543579
544.119324
544.695068
545.270813
545.846558
546.448730
547.043030
547.637329
548.231689
548.825989
549.341858
549.911987
550.482056
551.052185
551.690308
552.263123
552.835938
553.408752
553.981506
554.561157
555.135559
555.709961
556.284363
556.858765
557.313599
557.889221
558.464905
559.040527
559.616211
560.298523
560.872864
561.447083
562.021423
562.668396
563.242004
563.815613
564.389160
564.962769
565.420227
566.462463
566.983582
567.504700
568.082153
568.599304
569.116516
569.633667
570.150818
570.668030
571.075256
571.593750
572.112244
572.630737
573.149231
573.639526
574.160767
574.682007
575.203247
575.724487
576.187683
576.708740
577.229858
577.750916
578.271973
578.793091
579.580872
580.104614
580.628357
581.152100
581.713684
582.235840
582.758057
583.280273
583.802429
584.324646
584.826233
585.354431
585.882568
586.410706
586.938843
587.505554
588.008606
588.511597
589.014587
589.517578
590.115417
590.616577
591.117798
591.619019
592.120178
592.712219
593.216919
593.721680
594.226379
594.731079
595.235840
595.772339
596.280762
596.789062
597.297424
597.805786
598.300232
598.829590
599.358887
599.888245
600.417603
600.840515
601.350342
601.860168
602.369995
602.879822
603.389648
603.772766
604.275024
604.777161
605.279419
605.781555
606.207153
606.709351
607.211609
607.713806
608.216003
608.718262
609.226562
609.727661
610.228760
610.729858
611.230896
612.180420
612.705139
613.229919
613.754639
614.279480
614.831604
615.333557
615.835571
616.337524
616.839478
617.379395
617.882141
618.385010
618.887817
619.390686
619.937256
620.442078
620.946960
621.451843
621.956665
622.461487
622.992676
623.495728
623.998840
624.501892
625.004944
625.503906
626.010010
626.516113
627.022278
627.528320
628.034424
628.418640
628.927795
629.437012
629.946167
630.455322
631.016113
631.537842
632.059570
632.581238
633.102966
633.742249
634.270752
634.799255
635.327759
635.856201
636.372620
636.888855
637.405151
637.921387
638.437683
638.953979
639.397583
639.908508
640.419434
640.930359
641.441284
642.237488
642.745483
643.253601
643.761597
644.269653
644.771606
645.284241
645.796814
646.309509
646.822083
647.324768
647.838074
648.351440
648.864746
649.378113
649.922485
650.432556
650.942627
651.452698
651.962769
652.472900
652.791748
653.301331
653.810974
654.320618
654.830261
655.339905
655.813721
656.321716
656.829651
657.337585
657.845520
658.429138
658.864380
659.299561
659.734863
660.170105
660.605347
661.031189
661.467957
661.904724
662.341614
662.778442
663.215210
663.601929
664.037354
664.472839
664.908325
665.343811
665.779297
666.214722
666.772888
667.450745
668.128601
668.806396
669.434509
670.104248
670.773987
671.443726
672.101685
672.770142
673.438660
674.107178
674.803589
675.471741
676.139893
676.808105
677.493774
678.168152
678.842590
679.517029
680.296143
680.765442
681.234741
681.704102
682.173401
682.642639
683.107727
683.570190
684.032654
684.495056
684.957520
685.469910
685.932312
686.394775
686.857178
687.319580
687.781982
688.254822
688.715393
689.175964
689.636536
690.097107
690.557678
691.028015
691.485291
691.942566
692.399780
692.856995
693.314270
693.860474
694.312500
694.764526
695.216431
695.668457
696.120483
696.558716
697.003662
697.448608
697.893555
698.338501
698.783386
699.137085
699.611023
700.085022
700.558899
701.032898
701.506836
701.956177
702.432495
702.908752
703.385071
703.861328
704.337646
704.789673
705.248230
705.706848
706.165405
706.624023
707.082520
707.535645
707.985657
708.435669
708.885742
709.335754
709.785828
710.228394
710.679260
711.130066
711.580811
712.031677
712.482483
713.012024
713.479309
713.946655
714.414001
714.881226
715.348572
715.828003
716.295593
716.763184
717.230835
717.698425
718.426514
718.896606
719.366638
719.836853
720.306946
720.776978
721.205017
721.654175
722.103394
722.552612
723.001770
723.450989
723.859192
724.257996
724.656738
725.055481
725.454346
725.853088
726.251892
726.615479
727.004150
727.392822
727.781555
728.170227
728.558899
728.947571
729.412598
729.816589
730.220642
730.624695
731.028687
731.432678
731.836670
732.220093
732.603516
732.986816
733.370239
733.753662
734.137024
734.520447
735.124146
735.509827
735.895508
736.281250
736.666931
737.052673
737.319519
737.706360
738.093140
738.479980
738.866821
739.253662
739.640503
740.424988
741.135071
741.845154
742.555237
743.235474
743.944580
744.653748
745.362854
746.078491
746.790588
747.502686
748.399414
748.860474
749.321472
749.782654
750.243652
750.704834
751.204163
751.663147
752.122253
752.581238
753.040344
753.499329
753.936279
754.375427
754.814636
755.253845
755.692993
756.132141
756.674805
757.153931
757.632996
758.112000
758.591064
759.070190
759.497009
759.949585
760.402161
760.854736
761.307312
761.759888
762.244934
762.696228
763.147583
763.598938
764.050171
764.501526
765.456848
766.096191
766.735352
767.440918
768.079407
768.717896
769.356506
769.994995
770.497437
771.121826
771.746277
772.370667
773.314514
773.881348
774.448181
775.015015
775.584473
776.151428
776.718323
777.285156
777.852173
778.233093
778.802246
779.371338
779.940491
780.509644
781.083435
781.625061
782.166748
782.708496
783.250183
783.697388
784.241333
784.785278
785.329163
785.873108
786.416992
786.749817
787.195923
787.642029
788.088196
788.534241
788.980347
789.284485
789.720825
790.157104
790.593323
791.029663
791.466003
791.954163
792.386169
792.818054
793.250000
793.682007
794.114014
794.545898
795.016907
795.455811
795.894775
796.333679
796.772583
797.211487
797.614807
798.059326
798.503723
798.948242
799.392639
799.837158
800.314514
800.757324
801.200317
801.643188
802.086182
802.528992
802.937744
803.382019
803.826355
804.270569
804.714844
805.159180
805.604553
806.051270
806.497986
806.944641
807.391418
807.838196
808.446228
808.899597
809.352905
809.806335
810.259644
810.713013
811.128174
811.554077
811.979980
812.405823
812.831726
813.257690
813.683472
814.080017
814.506348
814.932495
815.358765
815.784973
816.211243
816.679016
817.108521
817.537903
817.967346
818.396851
818.826233
819.280090
819.715332
820.150574
820.585815
821.021057
821.456360
821.891663
822.316650
822.752502
823.188232
823.624023
824.059753
824.495483
824.909973
825.342163
825.774231
826.206360
826.638489
827.070679
827.515747
827.942688
828.369507
828.796387
829.223328
829.650146
830.077087
830.436279
830.860779
831.285339
831.709839
832.134399
832.559021
833.036987
833.458557
833.880249
834.301819
834.723511
835.145081
835.566650
835.960327
836.380859
836.801392
837.221985
837.642517
838.063110
838.830566
839.398010
839.965515
840.533020
841.086975
841.652832
842.218567
842.784424
843.350220
843.910583
844.472595
845.034607
845.596558
846.158569
846.771057
847.331177
847.891235
848.451355
849.011414
849.631897
850.195251
850.758667
851.322021
851.885315
852.469482
853.032593
853.595642
854.158813
855.114441
855.651062
856.187805
856.724487
857.261169
857.745667
858.286255
858.826843
859.367432
859.908020
860.681580
861.224487
861.767395
862.310364
862.853149
863.312988
863.857178
864.401306
864.945557
865.489807
866.032593
866.546143
867.059692
867.573181
868.086731
868.557922
869.072693
869.587524
870.102234
870.617004
871.571167
872.084595
872.598083
873.111511
873.625000
874.165100
874.676514
875.187988
875.699524
876.210938
876.703430
877.218079
877.732666
878.247314
878.761902
879.386475
879.919678
880.452820
880.986084
881.519226
882.281494
882.808472
883.335510
883.862488
884.389526
884.823303
885.351318
885.879333
886.407349
886.935364
887.812439
888.343689
888.875000
889.406250
889.937500
890.451660
890.965149
891.478516
891.992004
892.505432
893.060974
893.591675
894.122314
894.653076
895.183777
895.777832
896.291565
896.805359
897.319153
897.832825
898.346680
898.858276
899.371582
899.884888
900.398254
900.911560
901.299744
901.815063
902.330444
902.845825
903.361145
903.864502
904.378418
904.892395
905.406433
905.920410
906.434387
907.056152
907.579895
908.103638
908.627502
909.151245
909.609558
910.134644
910.659729
911.184814
911.709839
912.249939
912.775330
913.300720
913.826172
914.351562
914.839661
915.371155
915.902771
916.434265
916.965759
917.624817
918.169434
918.714111
919.258667
919.803345
920.373474
920.918274
921.463013
922.007690
922.552429
923.005493
923.550720
924.096069
924.641418
925.186768
925.722839
926.269592
926.816406
927.363159
927.909912
928.621094
929.057068
929.493164
929.929138
930.365234
930.801270
931.284363
931.718018
932.151611
932.585266
933.018860
933.452515
933.885498
934.318665
934.751831
935.184998
935.618103
936.051270
936.484314
936.877136
937.309814
937.742493
938.175171
938.607727
939.040405
939.527893
939.961304
940.394653
940.828064
941.261475
941.694824
942.278015
942.684265
943.090576
943.496826
943.903137
944.309509
944.715759
945.075989
945.493225
945.910400
946.327637
946.744812
947.161987
947.894592
948.277649
948.660645
949.043762
949.426819
949.809814
950.192932
950.595825
950.973938
951.351990
951.730103
952.108154
952.486145
952.864319
953.409729
953.786560
954.163513
954.540344
954.917175
955.294006
955.670898
956.288940
956.789734
957.290649
957.791504
958.292358
958.735901
959.233398
959.730896
960.228394
960.725891
961.299011
961.783081
962.267090
962.751160
963.235168
963.719177
964.429993
964.919556
965.409180
965.898682
966.388245
966.821655
967.312439
967.803223
968.294006
968.784851
969.275696
969.732605
970.222351
970.711975
971.201721
971.691406
972.252808
972.736267
973.219604
973.702942
974.186340
974.669678
975.217346
975.703674
976.190002
976.676331
977.162659
977.689636
978.189087
978.688416
979.187744
979.687195
980.186523
980.598145
981.091187
981.584167
982.077148
982.570190
983.227600
983.715942
984.204346
984.692688
985.181091
985.669495
986.124329
986.614319
987.104309
987.594421
988.084412
988.632568
989.121643
989.610657
990.099670
990.588684
991.077637
991.494690
991.984314
992.474182
992.963928
993.453674
993.943420
994.259521
994.753601
995.247681
995.741760
996.235840
996.724670
997.224060
997.723572
998.223022
998.722473
999.221985
999.784851
1000.285339
1000.785889
1001.286438
1001.786987
1002.413513
1002.914856
1003.416138
1003.917480
1004.418823
1004.949646
1005.428833
1005.907898
1006.387024
1006.866150
1007.345276
1008.124512
1008.654358
1009.184143
1009.713928
1010.243774
1010.754822
1011.287476
1011.820190
1012.352905
1012.885559
1013.437195
1013.961304
1014.485596
1015.009766
1015.533997
1016.020691
1016.544983
1017.069336
1017.593689
1018.117981
1018.766174
1019.178772
1019.591309
1020.004028
1020.416565
1020.829163
1021.241821
1021.501831
1021.910095
1022.318359
1022.726501
1023.134644
1023.542908
1023.951172
1024.551392
1024.957642
1025.363892
1025.770142
1026.176392
1026.582642
1026.855225
1027.261108
1027.666992
1028.072876
1028.478760
1028.884644
1029.290527
1029.730835
1030.152466
1030.574219
1030.995972
1031.417725
1031.839355
1032.529907
1032.880615
1033.231201
1033.581787
1033.932495
1034.283203
1034.633789
1035.050659
1035.398193
1035.745850
1036.093384
1036.441040
1036.788574
1037.136108
1037.483765
1037.921387
1038.270020
1038.618530
1038.967041
1039.315552
1039.664185
1040.012695
1040.361206
1040.862061
1041.194336
1041.526611
1041.859009
1042.191284
1042.523682
1042.855957
1043.122803
1043.454102
1043.785278
1044.116455
1044.447754
1044.779053
1045.110107
1045.441284
1045.772583
1046.597534
1047.174805
1047.752197
1048.329468
1048.941772
1049.519531
1050.097290
1050.675049
1051.252808
1051.802124
1052.382690
1052.963257
1053.543701
1054.214966
1054.544800
1054.874634
1055.204468
1055.534302
1055.864136
1056.193970
1056.523804
1056.758911
1057.081299
1057.403687
1057.726074
1058.048462
1058.370850
1058.693237
1059.015625
1059.338135
1059.673218
1059.985107
1060.296997
1060.608887
1060.920654
1061.232544
1061.544434
1061.856323
1062.168213
1062.463867
1062.776367
1063.088867
1063.401367
1063.713867
1064.026367
1064.338989
1064.651489
1065.012939
1065.411987
1065.810791
1066.209717
1066.608643
1067.007568
1067.406494
1067.823853
1068.223877
1068.623901
1069.024048
1069.424072
1069.824219
1070.224121
1070.714966
1071.121704
1071.528564
1071.935303
1072.342163
1072.748901
1073.195312
1073.602173
1074.009033
1074.416016
1074.822876
1075.229614
1075.636597
1076.011353
1076.411499
1076.811646
1077.211792
1077.612061
1078.012207
1078.412354
1078.921509
1079.314819
1079.708130
1080.101318
1080.494629
1080.887939
1081.281250
1081.585083
1081.980347
1082.375610
1082.770874
1083.166260
1083.561523
1083.956787
1084.447632
1084.841919
1085.236206
1085.630615
1086.024780
1086.419189
1086.863403
1087.259033
1087.654541
1088.050049
1088.445679
1088.841187
1089.236694
1089.901367
1090.403442
1090.905518
1091.407471
1091.909546
1092.330811
1092.824219
1093.317505
1093.810791
1094.304199
1094.797485
1095.255493
1095.753540
1096.251587
1096.749634
1097.247681
1097.789185
1098.273438
1098.757690
1099.241943
1099.726318
1100.210693
1100.681763
1101.163452
1101.645386
1102.127075
1102.608887
1103.090698
1103.587158
1104.069824
1104.552368
1105.035034
1105.517578
1106.058472
1106.560303
1107.062134
1107.563843
1108.065674
1108.567505
1108.987549
1109.487549
1109.987549
1110.487549
1110.987427
1111.547485
1112.030273
1112.513306
1112.996094
1113.479004
1113.961792
1114.395020
1114.879883
1115.364624
1115.849487
1116.334351
1116.819214
1117.212524
1117.686401
1118.160278
1118.634155
1119.108032
1119.662109
1120.130737
1120.599243
1121.067749
1121.536255
1122.004883
1122.437988
1122.906982
1123.375977
1123.844849
1124.313843
1124.782715
1125.170654
1125.792358
1126.413940
1127.035645
1127.657349
1128.312134
1128.930908
1129.549805
1130.168579
1130.848022
1131.468628
1132.089111
1132.709717
1133.365356
1133.985962
1134.606689
1135.227539
1135.848145
1136.458862
1137.078369
1137.697876
1138.317383
1138.990967
1139.610107
1140.229370
1140.848389
1141.531738
1142.154419
1143.399780
1144.022461
1144.685425
1145.312622
1145.939819
1146.567017
1147.194702
1147.786865
1148.379028
1148.971191
1149.563477
1149.974243
1150.567993
1151.161865
1151.755615
1152.450439
1153.049072
1153.647705
1154.246338
1154.844971
1155.443115
1156.074341
1156.705322
1157.336426
1157.981079
1158.613037
1159.244873
1159.876709
1160.508545
1161.015869
1161.651733
1162.287720
1162.923706
1163.605347
1164.236572
1164.867798
1165.499146
1166.166870
1166.796631
1167.426392
1168.056152
1168.685791
1169.224731
1169.854492
1170.484375
1171.114136
1171.531006
1171.996338
1172.461670
1172.927002
1173.392334
1173.857788
1174.395142
1174.845703
1175.296387
1175.746948
1176.197510
1176.648193
1177.088867
1177.535034
1177.981201
1178.427368
1178.873535
1179.319702
1179.808716
1180.244507
1180.680298
1181.116089
1181.551880
1181.987671
1182.458008
1182.899414
1183.340698
1183.782104
1184.223511
1184.664795
1185.110718
1185.543701
1185.976562
1186.409546
1186.842529
1187.275635
1187.708618
1188.324463
1188.761230
1189.198120
1189.635010
1190.071777
1190.508667
1190.976440
1191.422119
1191.867676
1192.313354
1192.759033
1193.204712
1193.679810
1194.143799
1194.607788
1195.071777
1195.535889
1195.999756
1196.466064
1196.930542
1197.394897
1197.859375
1198.323608
1198.805176
1199.268921
1199.732666
1200.196411
1200.660156
1201.123901
1201.593140
1202.057861
1202.522461
1202.987183
1203.451782
1203.916382
1204.346558
1204.782227
1205.217651
1205.653198
1206.088623
1206.524170
1207.377563
1207.814697
1208.251831
1208.688965
1209.125977
1209.563110
1209.961060
1210.396973
1210.832886
1211.268799
1211.704712
1212.140625
1212.753540
1213.235596
1213.717651
1214.199707
1214.681885
1215.209717
1215.667847
1216.125977
1216.583984
1217.041992
1217.500122
1218.097778
1218.553711
1219.009521
1219.465332
1219.921143
1220.376953
1220.822998
1221.279663
1221.736450
1222.193115
1222.649902
1223.106689
1223.460083
1223.948364
1224.436523
1224.924805
1225.413086
1225.901367
1226.453613
1226.940674
1227.427856
1227.915039
1228.402100
1228.932617
1229.420044
1229.907715
1230.395142
1230.882690
1231.370239
1231.820557
1232.283203
1232.745972
1233.208618
1233.671265
1234.133911
1234.521240
1234.984863
1235.448364
1235.911987
1236.375610
1236.839111
1237.365845
1237.832275
1238.298950
1238.765625
1239.232178
1239.698730
1240.437012
1240.907959
1241.379028
1241.850220
1242.321167
1242.781982
1243.270508
1243.759033
1244.247559
1244.735962
1245.194092
1245.672852
1246.151489
1246.630371
1247.109009
1247.587769
1248.035278
1248.523193
1249.011108
1249.499023
1249.987061
1250.474976
1250.955200
1251.446045
1251.936890
1252.427856
1252.918701
1253.390991
1253.882690
1254.374390
1254.865967
1255.357666
1255.849365
1256.402466
1256.837524
1257.272705
1257.707764
1258.142822
1258.577881
1259.135864
1259.568848
1260.001831
1260.434692
1260.867676
1261.300659
1261.670654
1262.105835
1262.541138
1262.976318
1263.411499
1263.846802
1264.281982
1264.586792
1265.028442
1265.470215
1265.911987
1266.353638
1266.795410
1267.144287
1267.562378
1267.980469
1268.398560
1268.816650
1269.234619
1269.652710
1270.098022
1270.515625
1270.933350
1271.350952
1271.768677
1272.186279
1272.494385
1272.918213
1273.342041
1273.765991
1274.189819
1274.613647
1275.037476
1275.498779
1275.927368
1276.355835
1276.784302
1277.212891
1277.641357
1278.033325
1278.450684
1278.867798
1279.285156
1279.702393
1280.119629
1280.536865
1280.974487
1281.391968
1281.809448
1282.226807
1282.644287
1283.061646
1283.468628
1283.886108
1284.303711
1284.721313
1285.138916
1285.556519
1285.974121
1286.358154
1286.779175
1287.200195
1287.621338
1288.042358
1288.463379
1289.009033
1289.436890
1289.864746
1290.292603
1290.720459
1291.148315
1291.576172
1292.402100
1292.976685
1293.551392
1294.125977
1294.792480
1295.363037
1295.933472
1296.504028
1297.313965
1297.886719
1298.459595
1299.032471
1299.605225
1300.216309
1300.790771
1301.365234
1301.939697
1302.514160
1303.012329
1303.585815
1304.159302
1304.732666
1305.417236
1305.979126
1306.541138
1307.103027
1307.664917
1308.222656
1308.785400
1309.348267
1309.911011
1310.473877
1310.995972
1311.552002
1312.108032
1312.663940
1313.219971
1313.899780
1314.455200
1315.010498
1315.565918
1316.121216
1316.642212
1317.197754
1317.753296
1318.308716
1318.864258
1319.243530
1319.800659
1320.357666
1320.914795
1321.471802
1321.963623
1322.482544
1323.001465
1323.520386
1324.039185
1324.719971
1325.148804
1325.577881
1326.006714
1326.435669
1326.864624
1327.307617
1327.716553
1328.125488
1328.534424
1328.943359
1329.352295
1329.761108
1330.374146
1330.790527
1331.206787
1331.623169
1332.039551
1332.455811
1333.156982
1333.711792
1334.266724
1334.821533
1335.358276
1335.879028
1336.399780
1336.920532
1337.441284
1337.962036
1338.545288
1339.094482
1339.643799
1340.192871
1340.742188
1340.981689
1341.356079
1341.730469
1342.104858
1342.479126
1342.853516
1343.227905
1343.555542
1343.922729
1344.289917
1344.656982
1345.024170
1345.391357
1345.758545
1346.125610
1346.511475
1346.864136
1347.216919
1347.569580
1347.922363
1348.275024
1348.627808
1349.280151
1349.634033
1349.988037
1350.342041
1350.696045
1351.050049
1351.404053
1351.822388
1352.196533
1352.570801
1352.944946
1353.319214
1353.693359
1354.067627
1354.575684
1354.930054
1355.284546
1355.639038
1355.993408
1356.347778
1356.702393
1357.056763
1357.663208
1358.245605
1358.828003
1359.410278
1360.026855
1360.609741
1361.192627
1361.775635
1362.358521
1362.989868
1363.566528
1364.143311
1364.719971
1365.296631
1365.874023
1366.369019
1366.864014
1367.359131
1367.854126
1368.536377
1369.030762
1369.525269
1370.019653
1370.514160
1370.973877
1371.455322
1371.936890
1372.418335
1372.899780
1373.381348
1373.951172
1374.435791
1374.920532
1375.405151
1375.889893
1376.305298
1376.771606
1377.238159
1377.704590
1378.171021
1378.637451
1379.186157
1379.695801
1380.205322
1380.714966
1381.224487
1381.967651
1382.458496
1382.949341
1383.440186
1383.930908
1384.421753
1384.761963
1385.251831
1385.741699
1386.231445
1386.721313
1387.315308
1387.707642
1388.099854
1388.492188
1388.884521
1389.276733
1389.669067
1390.046265
1390.434204
1390.822021
1391.209961
1391.597778
1391.985718
1392.373535
1392.746826
1393.135864
1393.525024
1393.914062
1394.303223
1394.692261
1395.081299
1395.420166
1395.805786
1396.191528
1396.577271
1396.963013
1397.348633
1397.734375
1398.162842
1398.532715
1398.902710
1399.272705
1399.642456
1400.012329
1400.382324
1400.752319
1401.087646
1401.453369
1401.818970
1402.184692
1402.550293
1402.916016
1403.281494
1403.922974
1404.421875
1404.920776
1405.419678
1405.918457
1406.362305
1406.861816
1407.361328
1407.860962
1408.360474
1408.860107
1409.403809
1409.885376
1410.366821
1410.848389
1411.329712
1411.848022
1412.336548
1412.824951
1413.313477
1413.802002
1414.290283
1414.739136
1415.229370
1415.719482
1416.209717
1416.699829
1417.189819
1417.685303
1418.176025
1418.666626
1419.157471
1419.648193
1420.124634
1420.614624
1421.104492
1421.594360
1422.084106
1422.573975
1423.080811
1423.566772
1424.052979
1424.538940
1425.025024
1425.484863
1425.970459
1426.456055
1426.941650
1427.427368
1427.912964
1428.388184
1428.873291
1429.358643
1429.843872
1430.328979
1430.814209
1431.181274
1431.668701
1432.156006
1432.643555
1433.130859
1433.594116
1434.075806
1434.557617
1435.039307
1435.520996
1436.002808
1436.511353
1436.994385
1437.477295
1437.960205
1438.443115
1438.926025
1439.445679
1439.923706
1440.401611
1440.879639
1441.357544
1441.837036
1442.315186
1442.793335
1443.271362
1443.749512
1444.227539
1444.805298
1445.307007
1445.808716
1446.310303
1446.812012
1447.301392
1447.807617
1448.313965
1448.820190
1449.326294
1449.832642
1450.382202
1450.880981
1451.379639
1451.878540
1452.377319
1452.909058
1453.407837
1453.906616
1454.405518
1454.904297
1455.403198
1456.074341
1456.734863
1457.395142
1458.055664
1458.774292
1459.425293
1460.076538
1460.727539
1461.262451
1461.911011
1462.559692
1463.208130
1463.952148
1464.461548
1464.970947
1465.480347
1465.989868
1466.490723
1466.982544
1467.474121
1467.965942
1468.457886
1468.949463
1469.454834
1469.947144
1470.439331
1470.931641
1471.423828
1472.007324
1472.468384
1472.928955
1473.389893
1473.850708
1474.311523
1474.827637
1475.351685
1475.875488
1476.399536
1476.923340
1477.622803
1478.078003
1478.532959
1478.988159
1479.443115
1479.898315
1480.328979
1480.790649
1481.252319
1481.714111
1482.175781
1482.637695
1482.986206
1483.415894
1483.845703
1484.275513
1484.705322
1485.135010
1485.545044
1485.973633
1486.402466
1486.831177
1487.260010
1487.688721
1488.117310
1488.535645
1488.964355
1489.393311
1489.822021
1490.250977
1490.679688
1491.203369
1491.632690
1492.061890
1492.490967
1492.920288
1493.349609
1493.930054
1494.385620
1494.841553
1495.297119
1495.752808
1496.208618
1496.676147
1497.265137
1497.854004
1498.442871
1499.031860
1499.658203
1500.243286
1500.828613
1501.413818
1501.906372
1502.493286
1503.080444
1503.667725
1504.254639
1504.920776
1505.506470
1506.092163
1506.677856
1507.263550
1507.843384
1508.433350
1509.023315
1509.613281
1510.464478
1511.057617
1511.651001
1512.244141
1512.819336
1513.410889
1514.002319
1514.593872
1515.185303
1515.749146
1516.332886
1516.916504
1517.500122
1518.083862
1518.701660
1519.282227
1519.862793
1520.443359
1520.981323
1521.555176
1522.129028
1522.702881
1523.276611
1523.946533
1524.517456
1525.088379
1525.659180
1526.229980
1526.768311
1527.333008
1527.897705
1528.462158
1529.026855
1529.490967
1530.057373
1530.623535
1531.189819
1531.756226
1532.284790
1532.881958
1533.479370
1534.076660
1534.843506
1535.442017
1536.040527
1536.639038
1537.237671
1537.595947
1538.183716
1538.771362
1539.359009
1539.946655
1540.405273
1540.983276
1541.561157
1542.139160
1542.717163
1543.262695
1543.842041
1544.421509
1545.000977
1545.915283
1546.492310
1547.069214
1547.645996
1548.223022
1548.771362
1549.364868
1549.958374
1550.551880
1551.176392
1551.772339
1552.368530
1552.964722
1553.560791
1554.128784
1554.723511
1555.317993
1555.912720
1556.687988
1557.184814
1557.681641
1558.178467
1558.675293
1559.172119
1559.619385
1560.099365
1560.579468
1561.059692
1561.539673
1562.061279
1562.540894
1563.020386
1563.499634
1563.979126
1564.458618
1564.932983
1565.505493
1566.078003
1566.650391
1567.222778
1568.096191
1568.669556
1569.243042
1569.816284
1570.508179
1571.075195
1571.642212
1572.208984
1572.776001
1573.182983
1573.610352
1574.037720
1574.464966
1574.892334
1575.319702
1575.701782
1576.119385
1576.536987
1576.954712
1577.372192
1577.789795
1578.207275
1578.527710
1578.935669
1579.343628
1579.751709
1580.159668
1580.567627
1580.975708
1581.549194
1581.958374
1582.367676
1582.776855
1583.186035
1583.595337
1584.159668
1584.570679
1584.981689
1585.392700
1585.803711
1586.214722
1586.627197
1587.035889
1587.444702
1587.853394
1588.261963
1588.670776
1589.079468
1589.509277
1589.929321
1590.349121
1590.769165
1591.189209
1591.609009
1592.046631
1592.464722
1592.882690
1593.300537
1593.718384
1594.136353
1594.554321
1595.116333
1595.618774
1596.121338
1596.623779
1597.126343
1597.597046
1598.106689
1598.616211
1599.125610
1599.635132
1600.144775
1600.525146
1601.034058
1601.542969
1602.052002
1602.561035
1603.038208
1603.526123
1604.014038
1604.501953
1604.989868
1605.477783
1605.871948
1606.364502
1606.857056
1607.349365
1607.841797
1608.334106
1608.705444
1609.192139
1609.678833
1610.165527
1610.652222
1611.180298
1611.668335
1612.156128
1612.644165
1613.132202
1613.619995
1614.035278
1614.526855
1615.018311
1615.509888
1616.001343
1616.492798
1617.117188
1617.614502
1618.111694
1618.609009
1619.106323
1619.414307
1619.879272
1620.344116
1620.808960
1621.274048
1621.738892
1622.258179
1622.728149
1623.197998
1623.667847
1624.137817
1624.607666
1625.025146
1625.499146
1625.973145
1626.447144
1626.921143
1627.395142
1627.869141
1628.355713
1628.842163
1629.328613
1629.815308
1630.291992
1630.779541
1631.266846
1631.754272
1632.241821
1632.729126
1633.235962
1633.724976
1634.214111
1634.703369
1635.192505
1635.745728
1636.234619
1636.723633
1637.212646
1637.701782
1638.190796
1638.704224
1639.173340
1639.642700
1640.112061
1640.581177
1641.050537
1641.555542
1642.021118
1642.487061
1642.952637
1643.418335
1643.853638
1644.322144
1644.790649
1645.259155
1645.727661
1646.196167
1646.690186
1647.161621
1647.633179
1648.104492
1648.576050
1649.047485
1649.511108
1649.985718
1650.460205
1650.934692
1651.409180
1651.883667
1652.348022
1652.822998
1653.298218
1653.773315
1654.248291
1654.723511
1655.191528
1655.670166
1656.149048
1656.627686
1657.106323
1657.576660
1658.057617
1658.538696
1659.019653
1659.500610
1659.981445
1660.482544
1660.970215
1661.457886
1661.945557
1662.432983
1662.920654
1663.397705
1663.885376
1664.373047
1664.860718
1665.348389
1665.995728
1666.484985
1666.974365
1667.463501
1667.952881
1668.480957
1668.971558
1669.461792
1669.952393
1670.442627
1670.932983
1671.577148
1672.024536
1672.471680
1672.918945
1673.366211
1673.813354
1674.247314
1674.692017
1675.136719
1675.581299
1676.026001
1676.470703
1676.747559
1677.191040
1677.634521
1678.078003
1678.521484
1678.964966
1679.396973
1679.839478
1680.282227
1680.724609
1681.167358
1681.609985
1682.052490
1682.482178
1683.043335
1683.604614
1684.165894
1684.727051
1685.196045
1685.742798
1686.289673
1686.836548
1687.383545
1687.880859
1688.427002
1688.973389
1689.519531
1690.065674
1690.587158
1691.131226
1691.675171
1692.219116
1692.763306
1693.322021
1693.863037
1694.404175
1694.945312
1695.486328
1695.977661
1696.369385
1696.760864
1697.152466
1697.543945
1697.935669
1698.327393
1698.685669
1699.071655
1699.457642
1699.843628
1700.229614
1700.615723
1701.001709
1701.412476
1701.796875
1702.181030
1702.565308
1702.949463
1703.333862
1703.718018
1704.093384
1704.479370
1704.865356
1705.251343
1705.637329
1706.023315
1706.409302
1706.785278
1707.167969
1707.550781
1707.933716
1708.316528
1708.699341
1709.082153
1709.739014
1710.128662
1710.518311
1710.907959
1711.297607
1711.687378
1712.077026
1712.414185
1712.801636
1713.188965
1713.576538
1713.963989
1714.351440
1714.739014
1715.066528
1715.448364
1715.829956
1716.211792
1716.593506
1716.975342
1717.357056
1717.658813
1718.042725
1718.426392
1718.810181
1719.193848
1719.577637
1719.961548
1720.441650
1720.826660
1721.211670
1721.596802
1721.981812
1722.366821
1722.751831
1723.089478
1723.472290
1723.855225
1724.238037
1724.620850
1725.003662
1725.386475
1725.769287
1726.121704
1726.640137
1727.158691
1727.677368
1728.195801
1728.737183
1729.248169
1729.759155
1730.270142
1730.781128
1731.328491
1731.840454
1732.352539
1732.864380
1733.376343
1733.888306
1734.369995
1734.891479
1735.412964
1735.934326
1736.455811
1736.873169
1737.376343
1737.879272
1738.382690
1738.885620
1739.388794
1740.363281
1741.012695
1741.661865
1742.272949
1742.894287
1743.515869
1744.137329
1744.758667
1745.407471
1746.048706
1746.689697
1747.330688
1748.048462
1748.691284
1749.333984
1749.976807
1750.559204
1751.203003
1751.846802
1752.490723
1753.299316
1753.945801
1754.592285
1755.238892
1755.872681
1756.519775
1757.166870
1757.813965
1758.461060
1759.149048
1759.581543
1760.014160
1760.446655
1760.879272
1761.415894
1761.835205
1762.254639
1762.673950
1763.093384
1763.512695
1763.932007
1764.209106
1764.625122
1765.041138
1765.457153
1765.873047
1766.288940
1766.704956
1767.135864
1767.551636
1767.967529
1768.383301
1768.799194
1769.214966
1769.692383
1770.109863
1770.527466
1770.945190
1771.362793
1771.780518
1772.219482
1772.642700
1773.065796
1773.489014
1773.911987
1774.335205
1774.758301
1775.387695
1775.819946
1776.252319
1776.684692
1777.116943
1777.549316
1777.938965
1778.368164
1778.797363
1779.226440
1779.655640
1780.084961
1780.497559
1780.926025
1781.354492
1781.782959
1782.211304
1782.639893
1783.068359
1783.391113
1783.816162
1784.241211
1784.666138
1785.091187
1785.516113
1786.179810
1786.604980
1787.030151
1787.455322
1787.880615
1788.305786
1788.758545
1789.182983
1789.607666
1790.032349
1790.456787
1790.881470
1791.306030
1791.719849
1792.143555
1792.567383
1792.990967
1793.414795
1793.838623
1794.248535
1794.669189
1795.089722
1795.510376
1795.931030
1796.351440
1797.175659
1797.594482
1798.013306
1798.432007
1798.850830
1799.269531
1799.946289
1800.369995
1800.793701
1801.217285
1801.640991
1802.064697
1802.648682
1803.078857
1803.508789
1803.938843
1804.369019
1804.798950
1805.293213
1805.771851
1806.250610
1806.729370
1807.208008
1807.686646
1808.123657
1808.595825
1809.067871
1809.540039
1810.011963
1810.595337
1811.064209
1811.532959
1812.001953
1812.470947
1812.939819
1813.402466
1813.880859
1814.359131
1814.837524
1815.315796
1815.793945
1816.233276
1816.711182
1817.189209
1817.666992
1818.145020
1818.672852
1819.148804
1819.624878
1820.100952
1820.577026
1821.052979
1821.469849
1821.931274
1822.392700
1822.854004
1823.315308
1823.776855
1824.236450
1824.694458
1825.152710
1825.610718
1826.068848
1826.526855
1827.023682
1827.500366
1827.977173
1828.453857
1828.930664
1829.407349
1829.922974
1830.385010
1830.847046
1831.308960
1831.770996
1832.232788
1832.717529
1833.179199
1833.640625
1834.102173
1834.563843
1835.076538
1835.558350
1836.040161
1836.521973
1837.003662
1837.485474
1838.287964
1838.858887
1839.429443
1840.000122
1840.526611
1841.094360
1841.661987
1842.229858
1842.797485
1843.392334
1843.959106
1844.526123
1845.093018
1845.659790
1846.213501
1846.771851
1847.330322
1847.888672
1848.447021
1849.005981
1849.566772
1850.127808
1850.688843
1851.249634
1851.543457
1852.006714
1852.469971
1852.932983
1853.396362
1853.859497
1854.281982
1854.730225
1855.178223
1855.626343
1856.074341
1856.522461
1856.988647
1857.434814
1857.880981
1858.327148
1858.773193
1859.219360
1859.779297
1860.225830
1860.672363
1861.118774
1861.565308
1862.011841
1862.521606
1862.968994
1863.416138
1863.863525
1864.310669
1864.757812
1865.194946
1865.642822
1866.090698
1866.538452
1866.986328
1867.434204
1867.994507
1868.444946
1868.895386
1869.345703
1869.796021
1870.246338
1870.802856
1871.254883
1871.706787
1872.158813
1872.610840
1873.062866
1873.665894
1874.124023
1874.582275
1875.040527
1875.498779
1875.957031
1876.262817
1876.722534
1877.182129
1877.641968
1878.101685
1878.561279
1878.914551
1879.350830
1879.787109
1880.223511
1880.659790
1881.095947
1881.571533
1882.010620
1882.449951
1882.889160
1883.328491
1883.767700
1884.465942
1885.046509
1885.626953
1886.207642
1886.788208
1887.153320
1887.730347
1888.307373
1888.884155
1889.461182
1890.032349
1890.599121
1891.166016
1891.733032
1892.299805
1892.863525
1893.427979
1893.992554
1894.557007
1895.156128
1895.710815
1896.265381
1896.819946
1897.374634
1897.924316
1898.479614
1899.035034
1899.590332
1900.145508
1900.773560
1901.351196
1901.928833
1902.506348
1903.083984
1903.718994
1904.303467
1904.887939
1905.472290
1906.161499
1906.752197
1907.343018
1907.933838
1908.524536
1908.907959
1909.501343
1910.094482
1910.687866
1911.281006
1912.131470
1912.727783
1913.324219
1913.920654
1914.508179
1915.074951
1915.641968
1916.208862
1916.775635
1917.089355
1917.551392
1918.013306
1918.475220
1918.937134
1919.399170
1919.754272
1920.210205
1920.666016
1921.121704
1921.577515
1922.033325
1922.481323
1922.938110
1923.395020
1923.851685
1924.308716
1924.765381
1925.247314
1925.693726
1926.140015
1926.586304
1927.032837
1927.479126
1927.855835
1928.302856
1928.749634
1929.196655
1929.643677
1930.090698
1930.537720
1930.917480
1931.347168
1931.776855
1932.206299
1932.635986
1933.065674
1933.514893
1933.939819
1934.364624
1934.789673
1935.214722
1935.639526
1936.442871
1936.861694
1937.280518
1937.699341
1938.118164
1938.536987
1939.358154
1939.959839
1940.561523
1941.163330
1941.767700
1942.367310
1942.966797
1943.566284
1944.166016
1944.752197
1945.348877
1945.945679
1946.542358
1947.097046
1947.690674
1948.284302
1948.878052
1949.471680
1950.039307
1950.620728
1951.202026
1951.783325
1952.364624
1952.956055
1953.535889
1954.115723
1954.695557
1955.235840
1955.818726
1956.401367
1956.984131
1957.567017
1958.195679
1958.779663
1959.363892
1959.947876
1960.531982
1961.131714
1961.737305
1962.343018
1962.948608
1963.615112
1964.139526
1964.663818
1965.188110
1965.712524
1966.224976
1966.748047
1967.271118
1967.794189
1968.317383
1968.842651
1969.352661
1969.862671
1970.372681
1970.882690
1971.392700
1971.941650
1972.456299
1972.970825
1973.485474
1974.000000
1974.395874
1974.907227
1975.418457
1975.929810
1976.441162
1976.952515
1977.453613
1977.965454
1978.477539
1978.989380
1979.501221
1980.095337
1980.520630
1980.946167
1981.371704
1981.796997
1982.222534
1982.664673
1983.076660
1983.488525
1983.900513
1984.312500
1984.724365
1985.136353
1985.443970
1985.848022
1986.251831
1986.655640
1987.059692
1987.463501
1987.867554
1988.239868
1988.642944
1989.046021
1989.449219
1989.852173
1990.255371
1990.882690
1991.285522
1991.688110
1992.090942
1992.493652
1992.896484
1993.299194
1993.685791
1994.097046
1994.508057
1994.919189
1995.330200
1995.741333
1996.146484
1996.569946
1996.993530
1997.417114
1997.840698
1998.264160
1998.687622
1999.078125
1999.509033
1999.939819
2000.370728
2000.801392
2001.232178
2001.621338
2002.050659
2002.479980
2002.909180
2003.338501
2003.767700
2004.197021
2004.882324
2005.313477
2005.744629
2006.176025
2006.607300
2007.088013
2007.515381
2007.942871
2008.370361
2008.797852
2009.225342
2009.652832
2010.067505
2010.493042
2010.918335
2011.343872
2011.769165
2012.194702
2012.697021
2013.124878
2013.552612
2013.980469
2014.408325
2014.836060
2015.288818
2015.716187
2016.143555
2016.571045
2016.998291
2017.425659
2017.853027
2018.312378
2018.739136
2019.166016
2019.592651
2020.019531
2020.446289
2020.839722
2021.266479
2021.693115
2022.119995
2022.546631
2022.973511
2023.400391
2023.707153
2024.132446
2024.557983
2024.983521
2025.408813
2025.834351
2026.290283
2026.716553
2027.142700
2027.568848
2027.994995
2028.421387
2028.847534
2029.263306
2029.689941
2030.116699
2030.543213
2030.969849
2031.396362
2031.815552
2032.219849
2032.624146
2033.028442
2033.432861
2033.837158
2034.241455
2034.672607
2035.098511
2035.524292
2035.949951
2036.375854
2036.801636
2037.207642
2037.626221
2038.044678
2038.463379
2038.881836
2039.300293
2039.718994
2040.100708
2040.442017
2040.783447
2041.125000
2041.466309
2041.807861
2042.149292
2042.490723
2042.769165
2043.111694
2043.453979
2043.796387
2044.138794
2044.481201
2044.823486
2045.166016
2045.498657
2045.841675
2046.184448
2046.527344
2046.870361
2047.213135
2047.556030
2047.899048
2048.396973
2048.834717
2049.272217
2049.709717
2050.147217
2050.584961
2050.873779
2051.309570
2051.745361
2052.181152
2052.616943
2053.052979
2053.766113
2054.193604
2054.620850
2055.048340
2055.475586
2055.903076
2056.322021
2056.753174
2057.184326
2057.615723
2058.046875
2058.478027
2058.909180
2059.167969
2059.599121
2060.029785
2060.460938
2060.891602
2061.322510
2061.903076
2062.329102
2062.755127
2063.181152
2063.607178
2064.033203
2064.414062
2064.840576
2065.267334
2065.694092
2066.120605
2066.547119
2066.973633
2067.323486
2067.750244
2068.177246
2068.604248
2069.031250
2069.458252
2070.051270
2070.559082
2071.066895
2071.574707
2072.082520
2072.575439
2073.076904
2073.578125
2074.079590
2074.580811
2075.082275
2075.746582
2076.248047
2076.749268
2077.250732
2077.751953
2078.229004
2078.734375
2079.239746
2079.745117
2080.250244
2080.755859
2081.165527
2081.674072
2082.182861
2082.691406
2083.200439
2083.948242
2084.456543
2084.965088
2085.473389
2085.981689
2086.770752
2087.278564
2087.786621
2088.294678
2088.802734
2089.273926
2089.756104
2090.238037
2090.719971
2091.201904
2091.892090
2092.365479
2092.838867
2093.312256
2093.785645
2094.259277
2094.692627
2095.190918
2095.688721
2096.187012
2096.685059
2097.261719
2097.741455
2098.221436
2098.700928
2099.180908
2099.660645
2100.243896
2100.712402
2101.180908
2101.649658
2102.118408
2102.586914
2103.020996
2103.465820
2103.910645
2104.355469
2104.800293
2105.245117
2105.716553
2106.159668
2106.602539
2107.045410
2107.488281
2107.931152
2108.405029
2108.846680
2109.288086
2109.729736
2110.171387
2110.612793
2111.104248
2111.541260
2111.978271
2112.415527
2112.852783
2113.289795
2113.737549
2114.205322
2114.672852
2115.140381
2115.607910
2116.075439
2116.563721
2116.992432
2117.420654
2117.849121
2118.277588
2118.705811
2119.035889
2119.461426
2119.886719
2120.312256
2120.737549
2121.163086
2121.588623
2121.932129
2122.352783
2122.773438
2123.193848
2123.614258
2124.034912
2124.507324
2124.928467
2125.349609
2125.770996
2126.192139
2126.613525
2127.034668
2127.612549
2128.175293
2128.738037
2129.300781
2129.863770
2130.433838
2130.997559
2131.561279
2132.125000
2132.694580
2133.250244
2133.806152
2134.362061
2134.917969
2135.447266
2136.003906
2136.560791
2137.117432
2137.674316
2138.184814
2138.739746
2139.294922
2139.849854
2140.404785
2140.870605
2141.414307
2141.958252
2142.501953
2143.045898
2143.682617
2144.225098
2144.767822
2145.310547
2145.853271
2146.524902
2147.062744
2147.600586
2148.138428
2148.676270
2149.238770
2149.774414
2150.310059
2150.845703
2151.381348
2151.995605
2152.532715
2153.069336
2153.606445
2154.143066
2154.629639
2155.179932
2155.729980
2156.280273
2156.830322
2157.389404
2157.942139
2158.495117
2159.048096
2159.600830
2160.256104
2160.816650
2161.377441
2161.937988
2162.498779
2163.049561
2163.611084
2164.172607
2164.734131
2165.295654
2165.729248
2166.173828
2166.618164
2167.062744
2167.507080
2167.951416
2168.483643
2168.931396
2169.379150
2169.826904
2170.274414
2170.722412
2171.135742
2171.586670
2172.037598
2172.488770
2172.939941
2173.390869
2174.048828
2174.499756
2174.950928
2175.402100
2175.853027
2176.303955
2176.733887
2177.148193
2177.562256
2177.976318
2178.390381
2178.804443
2179.298340
2179.726318
2180.154297
2180.582275
2181.010254
2181.438232
2181.884766
2182.317871
2182.751221
2183.184570
2183.617676
2184.051025
2184.484375
2184.818604
2185.250977
2185.683594
2186.115967
2186.548584
2186.980957
2187.409912
2187.849609
2188.289307
2188.729004
2189.168701
2189.608398
2190.013672
2190.450439
2190.886963
2191.323730
2191.760254
2192.197021
2192.633789
2193.000000
2193.428223
2193.856689
2194.285156
2194.713379
2195.141846
2195.717773
2196.145264
2196.572510
2196.999756
2197.427246
2197.854492
2198.315918
2198.751953
2199.187744
2199.623779
2200.059814
2200.495850
2201.341064
2201.778076
2202.215088
2202.652100
2203.089111
2203.526123
2203.931885
2204.348389
2204.764648
2205.180908
2205.597412
2206.013916
2206.429932
2206.856934
2207.283936
2207.710938
2208.137939
2208.564941
2208.991699
2209.402344
2209.827881
2210.253906
2210.679688
2211.105225
2211.531250
2212.050537
2212.496094
2212.941406
2213.386963
2213.832520
2214.278076
2214.695801
2215.124512
2215.553223
2215.981934
2216.410400
2216.839111
2217.267822
2217.635010
2218.069580
2218.503906
2218.938477
2219.373047
2219.807617
2220.239258
2220.679932
2221.120605
2221.561279
2222.001709
2222.442383
2223.119385
2223.555908
2223.992676
2224.429443
2224.865967
2225.302734
2225.729980
2226.167725
2226.605225
2227.042725
2227.480225
2227.917725
2228.343994
2228.780762
2229.217773
2229.654785
2230.091553
2230.528320
2231.054932
2231.594238
2232.133545
2232.673096
2233.212402
2233.760010
2234.294189
2234.828369
2235.362549
2235.896729
2236.458252
2236.990234
2237.522217
2238.054443
2238.586426
2239.118408
2239.651123
2240.182861
2240.714600
2241.246094
2241.777588
2242.370117
2242.896973
2243.424072
2243.950928
2244.477783
2244.911377
2245.432617
2245.954102
2246.475342
2246.996582
2247.461670
2247.941162
2248.420654
2248.900391
2249.379883
2249.859375
2250.222900
2250.701172
2251.179443
2251.657471
2252.135742
2252.614014
2253.003906
2253.475586
2253.946777
2254.418213
2254.889404
2255.360840
2255.873779
2256.345215
2256.816895
2257.288574
2257.760254
2258.231934
2258.730469
2259.221191
2259.711670
2260.202393
2260.692871
2261.318359
2261.778564
2262.239014
2262.699219
2263.159668
2263.620117
2264.168945
2264.658936
2265.149414
2265.639404
2266.129395
2266.665039
2267.153076
2267.641113
2268.129150
2268.617188
2269.105225
2269.878662
2270.372559
2270.866455
2271.360107
2271.854004
2272.163086
2272.650879
2273.138672
2273.626221
2274.114258
2274.602051
2275.327393
2275.820068
2276.313232
2276.805908
2277.299072
2277.994141
2278.485596
2278.977051
2279.468750
2279.960205
2280.434082
2280.924561
2281.415283
2281.905762
2282.396240
2282.943848
2283.431641
2283.919678
2284.407471
2284.895508
2285.383301
2286.007080
2286.495361
2286.983643
2287.471924
2287.959961
2288.562012
2289.047119
2289.532227
2290.017334
2290.502441
2290.987549
2291.362061
2291.826660
2292.291260
2292.755859
2293.220459
2293.685059
2294.017090
2294.533447
2295.049805
2295.566162
2296.082520
2296.588379
2297.081055
2297.573730
2298.066406
2298.558838
2299.051514
2299.575439
2300.067383
2300.559326
2301.051270
2301.543457
2302.023438
2302.513916
2303.004395
2303.495117
2303.985596
2304.476318
2304.989014
2305.488770
2305.988525
2306.488281
2306.988037
2307.619629
2308.119141
2308.618652
2309.118164
2309.617676
2310.117188
2310.607666
2311.109131
2311.610596
2312.112305
2312.613770
2313.104248
2313.604004
2314.104004
2314.603760
2315.103760
2315.986572
2316.433350
2316.880127
2317.326904
2317.773926
2318.220703
2318.613770
2319.056396
2319.498779
2319.941406
2320.384033
2320.826416
2321.259277
2321.698242
2322.137207
2322.576172
2323.015137
2323.454102
2324.056396
2324.493896
2324.931152
2325.368408
2325.805664
2326.242920
2326.732910
2327.167969
2327.603027
2328.038086
2328.473145
2328.908447
2329.381104
2329.816406
2330.251465
2330.686768
2331.121826
2331.556885
2332.051025
2332.481934
2332.912598
2333.343506
2333.774414
2334.205078
2334.635986
2335.003418
2335.433594
2335.863770
2336.293945
2336.724121
2337.154297
2337.546387
2337.976562
2338.407227
2338.837646
2339.268066
2339.698730
2340.129150
2340.541992
2340.969727
2341.397949
2341.825684
2342.253662
2342.681396
2343.208252
2343.647705
2344.086914
2344.526611
2344.966064
2345.405518
2345.868896
2346.316406
2346.763672
2347.210938
2347.658447
2348.105713
2348.511963
2348.964111
2349.416016
2349.868164
2350.320068
2350.772217
2351.208008
2351.654297
2352.100586
2352.547119
2352.993408
2353.439697
2354.226074
2354.695068
2355.164062
2355.633057
2356.101807
2356.612061
2357.061279
2357.510254
2357.959717
2358.408936
2358.858154
2359.330078
2359.778564
2360.227539
2360.676270
2361.125000
2361.573730
2362.047607
2362.489258
2362.930908
2363.372559
2363.814453
2364.256104
2364.697754
2365.117432
2365.547119
2365.977051
2366.406982
2366.836914
2367.266602
2367.701904
2368.130615
2368.559570
2368.988281
2369.417236
2369.846191
2370.374023
2370.803223
2371.232178
2371.661377
2372.090332
2372.519531
2373.100098
2373.676025
2374.251953
2374.828125
2375.404053
2375.997070
2376.570557
2377.143799
2377.717041
2378.290283
2378.748047
2379.300781
2379.853271
2380.405762
2380.958252
2381.465576
2382.023926
2382.582275
2383.140625
2383.698975
2384.271729
2384.825928
2385.379883
2385.934082
2386.488037
2386.805908
2387.224609
2387.643066
2388.061768
2388.480225
2388.898926
2389.317383
2389.668457
2390.081299
2390.494141
2390.906982
2391.319824
2391.732666
2392.137939
2392.552734
2392.967285
2393.381836
2393.796387
2394.210938
2394.625732
2395.425293
2396.041748
2396.657959
2397.274414
2397.836670
2398.445557
2399.054443
2399.663330
2400.316895
2400.931396
2401.546387
2402.160889
2402.775635
2403.481201
2404.098389
2404.715576
2405.333008
2406.003662
2406.621338
2407.239258
2407.856934
2409.023438
2409.643799
2410.264160
2410.884521
2411.408936
2412.015869
2412.622559
2413.229248
2413.835938
2414.505371
2415.129150
2415.752930
2416.376953
2416.902100
2417.521484
2418.140869
2418.760254
2419.396729
2420.020752
2420.645020
2421.269043
2421.893066
2422.433105
2423.055420
2423.677734
2424.300293
2424.910889
2425.501709
2426.092285
2426.683105
2427.273926
2427.894043
2428.489746
2429.085449
2429.680908
2430.276611
2430.892090
2431.518066
2432.144043
2432.770020
2433.423828
2433.844727
2434.266113
2434.687012
2435.108154
2435.529297
2435.986084
2436.406006
2436.825928
2437.246094
2437.665771
2438.085938
2438.541016
2438.958252
2439.375244
2439.792480
2440.209717
2440.626709
2441.043945
2441.395264
2441.813232
2442.231445
2442.649414
2443.067139
2443.485107
2443.903076
2444.307617
2444.722412
2445.137451
2445.552490
2445.967529
2446.382324
2446.811279
2447.226074
2447.640869
2448.055664
2448.470459
2448.885254
2449.300049
2449.768066
2450.188232
2450.608398
2451.028564
2451.448730
2451.868896
2452.310547
2452.727051
2453.144043
2453.560547
2453.977295
2454.394043
2454.810791
2455.246338
2455.671143
2456.095947
2456.520752
2456.945557
2457.370605
2457.785889
2458.211914
2458.638184
2459.064453
2459.490234
2459.916504
2460.667725
2461.169189
2461.670410
2462.171875
2462.673096
2463.212891
2463.712158
2464.211426
2464.710693
2465.209717
2465.709229
2466.239258
2466.736084
2467.232666
2467.729492
2468.226074
2468.595215
2469.088623
2469.582275
2470.075684
2470.569092
2471.062500
2471.542725
2472.033691
2472.524414
2473.015381
2473.506348
2474.256104
2474.746582
2475.237549
2475.728271
2476.218994
2476.964355
2477.454102
2477.944092
2478.433594
2478.923584
2479.413330
2479.839600
2480.328125
2480.816895
2481.305664
2481.794434
2482.338379
2482.828613
2483.318848
2483.808838
2484.299072
2484.789062
2485.276611
2485.764893
2486.253662
2486.742188
2487.230713
2487.776855
2488.263428
2488.750000
2489.236572
2489.723389
2490.209961
2490.705078
2491.191895
2491.678467
2492.165283
2492.651855
2493.109619
2493.592529
2494.075439
2494.558594
2495.041504
2495.524414
2496.083252
2496.567139
2497.051270
2497.535400
2498.019287
2498.503418
2498.977783
2499.463623
2499.949219
2500.435059
2500.920898
2501.389893
2501.887939
2502.385742
2502.883301
2503.381104
2503.878906
2504.340820
2504.832031
2505.323242
2505.814453
2506.305420
2506.789551
2507.284424
2507.779297
2508.273926
2508.768799
2509.263672
2509.679932
2510.169922
2510.660156
2511.150391
2511.640381
2512.130615
2512.452393
2512.930420
2513.408447
2513.886230
2514.364258
2514.842285
2515.325439
2515.804443
2516.283203
2516.761963
2517.240723
2517.707275
2518.184570
2518.661865
2519.138916
2519.616455
2520.093506
2520.618896
2521.089355
2521.559814
2522.030273
2522.500732
2522.970947
2523.536621
2524.006836
2524.477051
2524.947266
2525.417236
2525.930176
2526.400635
2526.871338
2527.341797
2527.812256
2528.282959
2528.711914
2529.183838
2529.655518
2530.127441
2530.599121
2531.070801
2531.538818
2532.040771
2532.542725
2533.044922
2533.546631
2534.083984
2534.586914
2535.090088
2535.593018
2536.095947
2536.599121
2537.008057
2537.509277
2538.010742
2538.511719
2539.013184
2539.680664
2540.179688
2540.678955
2541.177734
2541.677002
2542.176025
2542.729248
2543.229004
2543.728760
2544.228760
2544.728516
2545.256592
2545.758057
2546.259766
2546.761230
2547.262939
2547.840088
2548.347900
2548.855957
2549.364014
2549.872070
2550.379883
2550.775879
2551.252441
2551.728760
2552.205078
2552.681396
2553.157715
2553.617432
2554.098145
2554.579102
2555.059814
2555.540771
2556.024902
2556.504395
2556.983887
2557.463379
2557.942871
2558.422363
2558.904785
2559.390137
2559.875488
2560.361084
2560.846436
2561.331787
2561.754639
2562.244873
2562.735107
2563.225342
2563.715576
2564.210449
2564.699463
2565.188721
2565.677979
2566.167236
2566.656250
2567.200928
2567.687988
2568.174805
2568.661865
2569.148682
2569.829590
2570.277344
2570.725098
2571.173096
2571.621094
2572.068848
2572.734619
2573.173584
2573.612549
2574.051758
2574.490967
2574.930176
2575.333496
2575.770264
2576.207275
2576.644043
2577.080566
2577.517578
2578.012939
2578.448975
2578.885254
2579.321289
2579.757324
2580.193604
2580.626953
2581.065430
2581.503906
2581.942383
2582.381104
2582.819580
2583.761719
2584.340576
2584.919434
2585.498535
2586.061523
2586.635010
2587.208740
2587.782227
2588.355957
2588.916260
2589.491943
2590.067383
2590.643066
2591.218750
2591.795410
2592.379150
2592.962891
2593.546387
2594.176025
2594.728027
2595.280029
2595.832031
2596.384033
2596.982422
2597.335938
2597.688965
2598.042236
2598.395264
2598.748779
2599.101807
2599.455078
2599.768311
2600.111572
2600.455078
2600.798584
2601.142090
2601.485596
2601.829102
2602.172607
2602.499268
2602.832764
2603.166504
2603.500000
2603.833740
2604.167236
2604.500977
2604.834717
2605.216797
2605.577393
2605.938232
2606.299072
2606.659912
2607.020508
2607.381348
2607.741943
2607.989746
2608.347656
2608.705566
2609.063232
2609.420898
2609.778809
2610.136719
2610.494385
2610.739258
2611.092773
2611.446045
2611.799561
2612.153076
2612.506592
2612.860107
2613.213379
2613.583008
2613.939453
2614.295898
2614.652100
2615.008545
2615.364990
2615.721436
2616.055420
2616.411377
2616.767578
2617.123535
2617.479736
2617.835693
2618.191650
2618.547852
2618.888428
2619.241455
2619.594727
2619.947754
2620.301025
2620.654053
2621.007324
2621.360352
2621.690918
2622.039062
2622.387451
2622.735352
2623.083496
2623.431641
2623.779785
2624.127930
2624.437988
2624.783447
2625.128418
2625.473633
2625.819092
2626.164062
2626.509277
2626.854736
2627.190186
2627.546387
2627.902588
2628.258789
2628.615234
2628.971436
2629.327637
2629.665039
2630.026611
2630.388428
2630.750244
2631.112061
2631.473633
2631.835449
2632.197266
2632.775146
2633.138672
2633.502197
2633.865723
2634.229248
2634.592773
2634.956055
2635.353271
2635.714111
2636.074951
2636.435547
2636.796387
2637.157227
2637.518066
2637.985352
2638.344238
2638.703613
2639.062744
2639.422119
2639.781250
2640.140381
2640.499512
2640.820312
2641.170166
2641.520264
2641.870117
2642.219727
2642.569580
2642.919434
2643.269287
2643.821777
2644.171631
2644.521729
2644.871582
2645.221924
2645.571777
2645.921875
2646.245605
2646.591309
2646.937012
2647.282715
2647.628418
2647.974121
2648.320068
2648.665771
2649.202881
2649.550781
2649.898926
2650.246582
2650.594482
2650.942383
2651.290283
2651.590332
2652.014648
2652.438965
2652.863525
2653.287842
2653.712402
2654.136719
2654.566650
2654.984863
2655.403076
2655.821289
2656.239746
2656.657715
2657.070068
2657.487793
2657.905762
2658.323730
2658.741455
2659.159424
2659.577148
2659.941895
2660.368408
2660.794922
2661.221436
2661.647949
2662.074219
2662.733398
2663.157227
2663.581543
2664.005615
2664.429688
2664.853760
2665.204590
2665.630615
2666.056396
2666.482422
2666.908447
2667.334473
2667.760498
2668.179932
2668.607910
2669.035645
2669.463379
2669.891357
2670.319092
2670.833984
2671.242188
2671.650391
2672.058594
2672.466797
2672.875000
2673.283203
2673.694092
2674.139648
2674.585205
2675.030762
2675.476318
2675.921875
2676.307617
2676.732422
2677.156982
2677.581787
2678.006348
2678.430908
2679.053955
2679.499756
2679.945801
2680.391846
2680.837891
2681.283936
2681.702393
2682.150635
2682.598877
2683.046875
2683.495117
2683.943115
2684.367188
2684.812744
2685.258545
2685.704346
2686.149902
2686.595703
2687.466064
2688.059082
2688.651611
2689.244385
2689.815186
2690.407227
2690.999023
2691.591064
2692.183105
2692.833740
2693.423096
2694.012695
2694.602051
2695.282227
2695.876465
2696.470947
2697.065430
2697.659912
2698.313477
2698.764160
2699.215088
2699.665771
2700.116455
2700.566895
2700.913086
2701.359375
2701.805420
2702.251709
2702.697754
2703.144043
2703.579346
2704.025391
2704.471436
2704.917236
2705.363281
2705.809326
2706.334229
2706.775391
2707.216797
2707.658203
2708.099609
2708.540771
2708.998291
2709.435303
2709.872559
2710.309570
2710.746582
2711.183838
2711.663086
2712.100098
2712.536621
2712.973389
2713.410156
2713.846924
2714.690430
2715.165771
2715.641357
2716.116943
2716.592529
2717.057129
2717.532471
2718.007812
2718.483154
2718.958496
2719.433838
2719.951904
2720.430420
2720.908936
2721.387451
2721.865723
2722.344238
2722.930420
2723.407471
2723.884521
2724.361572
2724.838623
2725.355957
2725.836182
2726.316162
2726.796387
2727.276367
2727.756592
2728.251221
2728.725342
2729.199219
2729.673340
2730.147217
2730.621094
2731.093750
2731.565430
2732.036865
2732.508301
2732.979980
2733.412109
2733.861084
2734.310059
2734.759033
2735.208008
2735.656982
2736.105957
2736.489746
2736.939941
2737.389893
2737.840088
2738.290039
2738.739990
2739.201904
2739.651123
2740.100342
2740.549561
2740.998779
2741.447998
2741.916016
2742.370117
2742.823975
2743.277832
2743.731934
2744.185791
2744.668457
2745.122070
2745.575439
2746.029053
2746.482422
2746.936035
2747.642090
2748.096924
2748.552246
2749.007324
2749.462402
2750.052490
2750.521240
2750.989990
2751.458740
2751.927490
2752.396240
2752.912598
2753.393555
2753.874756
2754.355713
2754.836670
2755.690430
2756.306885
2756.923340
2757.539551
2758.157227
2758.769287
2759.381104
2759.992920
2760.604980
2761.226074
2761.843262
2762.460449
2763.077637
2763.652588
2764.263428
2764.874268
2765.485352
2766.096191
2766.742920
2767.355713
2767.968750
2768.581787
2769.228271
2769.835205
2770.442383
2771.049316
2771.626221
2772.222900
2772.819824
2773.416748
2774.013672
2774.518799
2775.111084
2775.703125
2776.295410
2776.887695
2777.508789
2778.096924
2778.685059
2779.272949
2779.844482
2780.470215
2781.096436
2781.722168
2782.347900
2782.933105
2783.535156
2784.137451
2784.739746
2785.305908
2785.912842
2786.519531
2787.126221
2787.732910
2788.334229
2788.941650
2789.549072
2790.156738
2790.823242
2791.447754
2792.071777
2792.696045
2793.320312
2793.877686
2794.487305
2795.096924
2795.706787
2796.353271
2796.958252
2797.563232
2798.168701
2798.773682
2799.401611
2800.005371
2800.609375
2801.212891
2801.781250
2802.381592
2802.981934
2803.582275
2804.183105
2804.709717
2805.318604
2805.927734
2806.536621
2807.545898
2808.153076
2808.760254
2809.367676
2810.080078
2810.558350
2811.036377
2811.514648
2811.992676
2812.470703
2812.880615
2813.359375
2813.837891
2814.316650
2814.794922
2815.273682
2815.614014
2816.095215
2816.576660
2817.058105
2817.539307
2818.020264
2818.476318
2818.960449
2819.444092
2819.927979
2820.411621
2820.770996
2821.215332
2821.659668
2822.104004
2822.548340
2822.992676
2823.436768
2823.813232
2824.259277
2824.704590
2825.150635
2825.595947
2826.041992
2826.525879
2826.969971
2827.414307
2827.858643
2828.302979
2828.747314
2829.191406
2829.672119
2830.152344
2830.633057
2831.113770
2831.593994
2832.093750
2832.636963
2833.179932
2833.723389
2834.266357
2834.877441
2835.413574
2835.949951
2836.486572
2837.022949
2837.619629
2838.146729
2838.674072
2839.200928
2839.728271
2840.318115
2840.843994
2841.370361
2841.896240
2842.422607
2842.998779
2843.523682
2844.049072
2844.573975
2845.099121
2845.522949
2846.047119
2846.570557
2847.094238
2847.618408
2848.151611
2848.684326
2849.217285
2849.750000
2850.282715
2850.853760
2851.365723
2851.877441
2852.388916
2852.900635
2853.412354
2853.735596
2854.248779
2854.761719
2855.274658
2855.787598
2856.561279
2857.068115
2857.574707
2858.081299
2858.587891
2859.101562
2859.598633
2860.095947
2860.593018
2861.090088
2861.587402
2862.074707
2862.559570
2863.044922
2863.530273
2864.015381
2864.523438
2865.027588
2865.531982
2866.035889
2866.540283
2867.044678
2867.539307
2868.048340
2868.557373
2869.066406
2869.575439
2869.962646
2870.468750
2870.974609
2871.480713
2871.987061
2872.492920
2873.001953
2873.481689
2873.961426
2874.441406
2874.920898
2875.392090
2875.872314
2876.352783
2876.833008
2877.313232
2877.793701
2878.226562
2878.708008
2879.189453
2879.670654
2880.152100
2880.633545
2881.122314
2881.604248
2882.086426
2882.568359
2883.050049
2883.531982
2884.002441
2884.515625
2885.029053
2885.542236
2886.055664
2886.637451
2887.146973
2887.656738
2888.166260
2888.676025
2889.151611
2889.655029
2890.158691
2890.662354
2891.165771
2891.669434
2892.141113
2892.637451
2893.133545
2893.630371
2894.126709
2894.778076
2895.271729
2895.765625
2896.259277
2896.753418
2897.381348
2897.872314
2898.363770
2898.854980
2899.345947
2899.837402
2900.313965
2900.801758
2901.289307
2901.777100
2902.264648
2902.769775
2903.279053
2903.788330
2904.297607
2904.807373
2905.316650
2905.882568
2906.368652
2906.854248
2907.340088
2907.825928
2908.284912
2908.773926
2909.262695
2909.751709
2910.240723
2910.729736
2911.220215
2911.707275
2912.194336
2912.681641
2913.168701
2913.763916
2914.253906
2914.743896
2915.233887
2915.724121
2916.213623
2916.752686
2917.235107
2917.717773
2918.200439
2918.683105
2919.181885
2919.684326
2920.187012
2920.689697
2921.191895
2921.694580
2922.032959
2922.513916
2922.994629
2923.475342
2923.956299
2924.437012
2924.938965
2925.426025
2925.912598
2926.399658
2926.886230
2927.304688
2927.803223
2928.302002
2928.801025
2929.299561
2929.798340
2930.298340
2930.791016
2931.283691
2931.776367
2932.269043
2932.761719
2933.254883
2933.748779
2934.241943
2934.735352
2935.229004
2935.789062
2936.266357
2936.743652
2937.221436
2937.698730
2938.176270
2938.615723
2939.090088
2939.564453
2940.038574
2940.512939
2940.999756
2941.491943
2941.983887
2942.476318
2942.968262
2943.460449
2943.961914
2944.454346
2944.947021
2945.439697
2945.932373
2946.427002
2946.929932
2947.433350
2947.936279
2948.439453
2948.942627
2949.584717
2950.070557
2950.556641
2951.042725
2951.528564
2951.999268
2952.483887
2952.968994
2953.453613
2953.938721
2954.423340
2954.916992
2955.414062
2955.910889
2956.408447
2956.905273
2957.403076
2957.904785
2958.406006
2958.907715
2959.408936
2959.910645
2960.420654
2960.922119
2961.423584
2961.925049
2962.426270
2962.970215
2963.373779
2963.777100
2964.180420
2964.583740
2964.986572
2965.389893
2965.862549
2966.259277
2966.655762
2967.052246
2967.448730
2967.845215
2968.243896
2968.638672
2969.033447
2969.427979
2969.822266
2970.217041
2970.611572
2971.340332
2971.726562
2972.113281
2972.500000
2972.886230
2973.272949
2973.659668
2974.030029
2974.420654
2974.811035
2975.201660
2975.592285
2975.982666
2976.373291
2976.820312
2977.483643
2978.147217
2978.810547
2979.464111
2980.127686
2980.791748
2981.455566
2982.156250
2982.827393
2983.498047
2984.168945
2984.815918
2985.485352
2986.154785
2986.823975
2987.513916
2988.184570
2988.855225
2989.525879
2990.120117
2990.752686
2991.385742
2992.018555
2992.651367
2993.219238
2993.854980
2994.490967
2995.126709
2995.858398
2996.491943
2997.125732
2997.759277
2998.384277
2999.015381
2999.646240
3000.277344
3000.908447
3001.488770
3002.070312
3002.652344
3003.233887
3003.810303
3004.376709
3004.943115
3005.509766
3006.075928
3006.669434
3007.241455
3007.813232
3008.385254
3008.957275
3009.335693
3009.919434
3010.502930
3011.086426
3011.669922
3012.277344
3012.861572
3013.446045
3014.030273
3014.614746
3015.216064
3015.797363
3016.378662
3016.959961
3017.432373
3018.016357
3018.600342
3019.184326
3019.768311
3020.264648
3020.645996
3021.027344
3021.408447
3021.789551
3022.170654
3022.552002
3022.954102
3023.336914
3023.719971
3024.103027
3024.486084
3024.868896
3025.251953
3025.607910
3025.974365
3026.340576
3026.707275
3027.073730
3027.439941
3027.806641
3028.173096
3028.590576
3028.945068
3029.299316
3029.653564
3030.008057
3030.362305
3030.716553
3031.060059
3031.412109
3031.763916
3032.115967
3032.468018
3032.820068
3033.172119
3033.523926
3034.353760
3034.895264
3035.437012
3035.978760
3036.606689
3037.146973
3037.687256
3038.228027
3038.768311
3039.336426
3039.874756
3040.413330
3040.951660
3041.489990
3042.000977
3042.532959
3043.064697
3043.596436
3044.128418
3044.659912
3045.120605
3045.647949
3046.175049
3046.701904
3047.229248
3047.703369
3048.232666
3048.761963
3049.291260
3049.820557
3050.333008
3050.864014
3051.395020
3051.926025
3052.457031
3053.263672
3053.796631
3054.329590
3054.862549
3055.395996
3056.070068
3056.597900
3057.125732
3057.653320
3058.180908
3058.699219
3059.225586
3059.751953
3060.278564
3060.804932
3061.304443
3061.827637
3062.351074
3062.874756
3063.397949
3064.092041
3064.483887
3064.875977
3065.267578
3065.659668
3066.051758
3066.443604
3067.041992
3067.429688
3067.817383
3068.205078
3068.592773
3068.980225
3069.354004
3069.738037
3070.122314
3070.506348
3070.890625
3071.274658
3071.658936
3072.031738
3072.414551
3072.798096
3073.181396
3073.564697
3073.947998
3074.331299
3074.714355
3075.085693
3075.467773
3075.849609
3076.231445
3076.613281
3076.995361
3077.377441
3077.746094
3078.125000
3078.504395
3078.883545
3079.262939
3079.642090
3080.021240
3080.391357
3080.772217
3081.153076
3081.533691
3081.914307
3082.295410
3082.676025
3083.191406
3083.573730
3083.955566
3084.337891
3084.720215
3085.102295
3085.484619
3085.858887
3086.243896
3086.629395
3087.014404
3087.399414
3087.784424
3088.169434
3088.564941
3088.950684
3089.336426
3089.721680
3090.107422
3090.492920
3090.878418
3091.248291
3091.635010
3092.021240
3092.407959
3092.794434
3093.180908
3093.567383
3093.884766
3094.270752
3094.656738
3095.042969
3095.428955
3095.814941
3096.200928
3096.599365
3096.982666
3097.365723
3097.748779
3098.132080
3098.514893
3098.898438
3099.281250
3099.646973
3100.023438
3100.399658
3100.775635
3101.152100
3101.528320
3101.904785
3102.333008
3102.711914
3103.091309
3103.470215
3103.849365
3104.228760
3104.607666
3104.956299
3105.338379
3105.720215
3106.102295
3106.484619
3106.866699
3107.248779
3107.539062
3107.922363
3108.305664
3108.688965
3109.072266
3109.455566
3109.839111
3110.440674
3110.834717
3111.228027
3111.622070
3112.015625
3112.409424
3112.802979
3113.189941
3113.580566
3113.971436
3114.362305
3114.752930
3115.143555
3115.534424
3115.890625
3116.264648
3116.638672
3117.012695
3117.386719
3117.760742
3118.134766
3118.495605
3118.867676
3119.239258
3119.611328
3119.982910
3120.354980
3120.726562
3121.098633
3121.482422
3121.855225
3122.228027
3122.601074
3122.973633
3123.346680
3123.719727
3124.084229
3124.459961
3124.835693
3125.210938
3125.586670
3125.962402
3126.337646
3126.815430
3127.217041
3127.618652
3128.020752
3128.422363
3128.823975
3129.226074
3129.611328
3130.008301
3130.405273
3130.802246
3131.199219
3131.596680
3131.993652
3132.335938
3132.739258
3133.143066
3133.546631
3133.949951
3134.353760
3134.757324
3135.212891
3135.743896
3136.275391
3136.806396
3137.337402
3137.838379
3138.366455
3138.894775
3139.422607
3139.950684
3140.562744
3141.091064
3141.619629
3142.147949
3142.676270
3143.193359
3143.720947
3144.248779
3144.776367
3145.303955
3145.843018
3146.375732
3146.908691
3147.441650
3147.974609
3148.527588
3149.039307
3149.551025
3150.062744
3150.574219
3151.085938
3151.586670
3152.097656
3152.608887
3153.120361
3153.631592
3154.111084
3154.610352
3155.109619
3155.608887
3156.108398
3156.607666
3157.103027
3157.594238
3158.085938
3158.577393
3159.069092
3159.510986
3159.986572
3160.462646
3160.938721
3161.414307
3161.890381
3162.407715
3162.883057
3163.358643
3163.833984
3164.309326
3164.784668
3165.266113
3165.737061
3166.208008
3166.679443
3167.150391
3167.611328
3168.083008
3168.554443
3169.025879
3169.497314
3169.968994
3170.448730
3170.919434
3171.389893
3171.860596
3172.331787
3172.802246
3173.319092
3173.795898
3174.272705
3174.749756
3175.226562
3175.703613
3176.201416
3176.681885
3177.162598
3177.643311
3178.124023
3178.791260
3179.358643
3179.926025
3180.493408
3181.060547
3181.644043
3182.218262
3182.792725
3183.366943
3183.941406
3184.493896
3185.068115
3185.642090
3186.216309
3186.797363
3187.353271
3187.909668
3188.466064
3189.021973
3189.521973
3190.056885
3190.591553
3191.126221
3191.661377
3192.184570
3192.718994
3193.253418
3193.787354
3194.321777
3194.855713
3195.147217
3195.466309
3195.785400
3196.104004
3196.423096
3196.741943
3197.060547
3197.379639
3197.760254
3198.076416
3198.392090
3198.708008
3199.023682
3199.339355
3199.655273
3199.970947
3200.287109
3200.533447
3200.845703
3201.157715
3201.469971
3201.781982
3202.094238
3202.406250
3202.718750
3203.030762
3203.360107
3203.669434
3203.978760
3204.288086
3204.597412
3204.906738
3205.216064
3205.525391
3205.819092
3206.127441
3206.435547
3206.743896
3207.052246
3207.360596
3207.668945
3207.977295
3208.285400
3208.755371
3209.279297
3209.803711
3210.327637
3210.852051
3211.385254
3211.900635
3212.415771
3212.930908
3213.446045
3213.961426
3214.718994
3215.238281
3215.757568
3216.277100
3216.788086
3217.283936
3217.780029
3218.275879
3218.771973
3219.268311
3219.812012
3220.313232
3220.814697
3221.315918
3221.817383
3222.303955
3222.807617
3223.311279
3223.814941
3224.318604
3224.822266
3225.399658
3225.903320
3226.406982
3226.910645
3227.414307
3227.912354
3228.423340
3228.934082
3229.444580
3229.955322
3230.451416
3230.957764
3231.464355
3231.970947
3232.477783
3232.984375
3233.263916
3233.641602
3234.019287
3234.396973
3234.774658
3235.152588
3235.530273
3235.836670
3236.210693
3236.584717
3236.958740
3237.332764
3237.706787
3238.080566
3238.454590
3238.763672
3239.132080
3239.500000
3239.867920
3240.236328
3240.604248
3240.972656
3241.433350
3241.931885
3242.430420
3242.928955
3243.427246
3243.926025
3244.475342
3244.962891
3245.450928
3245.938721
3246.426270
3246.821289
3247.310303
3247.799072
3248.288086
3248.776611
3249.265625
3249.647705
3250.136963
3250.625977
3251.114990
3251.604004
3252.093018
3252.599365
3253.088379
3253.577637
3254.066650
3254.555664
3255.010010
3255.500244
3255.990723
3256.480957
3256.971436
3257.461670
3257.951660
3258.440674
3258.929688
3259.418701
3259.907715
3260.396729
3260.873047
3261.360107
3261.846680
3262.333740
3262.820557
3263.179932
3263.660889
3264.141602
3264.622314
3265.103271
3265.583984
3266.069092
3266.544434
3267.020020
3267.495361
3267.970947
3268.446777
3268.912598
3269.389404
3269.866455
3270.343018
3270.820068
3271.296631
3271.823975
3272.299561
3272.774902
3273.250244
3273.725586
3274.226074
3274.688232
3275.150391
3275.612549
3276.074951
3276.537354
3277.039062
3277.496582
3277.954102
3278.411621
3278.869385
3279.326660
3279.746582
3280.187988
3280.629395
3281.070312
3281.511719
3281.952881
3282.308350
3282.754639
3283.201416
3283.647705
3284.093994
3284.540771
3285.339600
3285.789062
3286.238281
3286.687256
3287.136719
3287.585938
3287.982910
3288.436035
3288.888916
3289.342041
3289.794922
3290.248047
3290.556885
3291.017578
3291.478027
3291.938721
3292.399414
3292.860107
3293.320312
3293.786621
3294.253418
3294.719971
3295.186279
3295.653076
3296.093262
3296.553223
3297.013672
3297.474121
3297.934326
3298.394775
3298.850342
3299.316650
3299.783447
3300.249756
3300.716064
3301.182373
3301.521240
3301.980957
3302.440674
3302.900391
3303.360107
3303.819580
3304.299316
3304.748291
3305.197754
3305.646973
3306.096436
3306.545410
3307.001953
3307.479736
3307.957764
3308.435303
3308.913330
3309.391113
3309.996338
3310.498047
3311.000000
3311.501709
3312.003418
3312.555908
3313.047363
3313.538330
3314.029785
3314.520752
3315.011963
3315.496094
3315.995117
3316.494385
3316.993408
3317.492676
3317.986328
3318.482910
3318.979248
3319.476074
3319.972656
3320.469238
3320.967773
3321.466064
3321.964355
3322.462646
3322.960938
3323.467773
3323.968262
3324.468994
3324.969727
3325.470215
3326.040771
3326.532959
3327.025391
3327.517578
3328.009766
3328.501953
3328.995117
3329.490723
3329.986084
3330.481445
3330.977051
3331.634766
3332.129395
3332.624268
3333.118896
3333.613770
3334.108643
3334.592773
3335.087402
3335.582275
3336.076904
3336.571777
3337.185059
3337.517090
3337.848633
3338.180664
3338.512451
3338.843994
3339.176025
3339.507568
3339.725586
3340.031006
3340.336670
3340.642090
3340.947754
3341.252930
3341.558594
3341.864014
3342.169434
3342.483887
3342.834229
3343.184570
3343.534912
3343.885010
3344.235352
3344.585693
3344.936035
3345.343262
3345.695068
3346.046631
3346.398438
3346.750000
3347.101562
3347.453369
3347.788086
3348.140625
3348.493408
3348.846436
3349.198975
3349.552002
3349.904785
3350.257324
3350.833984
3351.396240
3351.958740
3352.520996
3353.083252
3353.615234
3354.171631
3354.728027
3355.284424
3355.840576
3356.379883
3356.929688
3357.479248
3358.029053
3358.578613
3359.112061
3359.655029
3360.197754
3360.740723
3361.283447
3361.614746
3362.052734
3362.490723
3362.928711
3363.366699
3363.804932
3364.193359
3364.625977
3365.058350
3365.490723
3365.923340
3366.355713
3366.788086
3367.179932
3367.613037
3368.045898
3368.479004
3368.911621
3369.344727
3369.835693
3370.250244
3370.664551
3371.079346
3371.493896
3371.908447
3372.322998
3372.879395
3373.294678
3373.709961
3374.125244
3374.541016
3374.956299
3375.438232
3375.867920
3376.297607
3376.727295
3377.156982
3377.586670
3378.010010
3378.441895
3378.874023
3379.305908
3379.737549
3380.169678
3380.616455
3381.048584
3381.481445
3381.913574
3382.346436
3382.778564
3383.211426
3383.695557
3384.267578
3384.839355
3385.411377
3385.983398
3386.497314
3387.065430
3387.633301
3388.201416
3388.753906
3389.317383
3389.880615
3390.443604
3391.007080
3391.861328
3392.299072
3392.736572
3393.174316
3393.612305
3394.050049
3394.440674
3394.864014
3395.287598
3395.710938
3396.134766
3396.558105
3397.061279
3397.489258
3397.917236
3398.345703
3398.773682
3399.201660
3399.629883
3400.017090
3400.453369
3400.889648
3401.325928
3401.761963
3402.198242
3402.704346
3403.142090
3403.580078
3404.018066
3404.455566
3404.893555
3405.398926
3405.843750
3406.288330
3406.732910
3407.177734
3407.622314
3408.116943
3408.572754
3409.028320
3409.483887
3409.939941
3410.395752
3410.693359
3411.109375
3411.525391
3411.941406
3412.357422
3412.773438
3413.189453
3413.699707
3414.157227
3414.615234
3415.073242
3415.531250
3415.989258
3416.474609
3416.934326
3417.393555
3417.853271
3418.312744
3418.772217
3419.172363
3419.627686
3420.082764
3420.537598
3420.992920
3421.447998
3421.878906
3422.330078
3422.781006
3423.231934
3423.683350
3424.134277
3424.544434
3424.965332
3425.386230
3425.806885
3426.228027
3426.648926
3427.055908
3427.479736
3427.903076
3428.326660
3428.750000
3429.173584
3429.597412
3430.202393
3430.834717
3431.467285
3432.099609
3432.737549
3433.367676
3433.997314
3434.626953
3435.254395
3435.883057
3436.511719
3437.140381
3437.769043
3438.476074
3439.104736
3439.733398
3440.362061
3441.041016
3441.669678
3442.298340
3442.927002
3443.585693
3444.210938
3444.835938
3445.461426
3446.086670
3446.521240
3447.136963
3447.752686
3448.368652
3449.063232
3449.511230
3449.959717
3450.407715
3450.855957
3451.304443
3451.708252
3452.156006
3452.603271
3453.051025
3453.498779
3453.946045
3454.501221
3454.950684
3455.399658
3455.849121
3456.298340
3456.747559
3457.565918
3458.129639
3458.693115
3459.256348
3459.928223
3460.481689
3461.034912
3461.588623
3462.142090
3462.751221
3463.315430
3463.879639
3464.444092
3465.008301
3465.550293
3465.975098
3466.399658
3466.824219
3467.249023
3467.673584
3468.009033
3468.428711
3468.847900
3469.267578
3469.687012
3470.106689
3470.525879
3470.906006
3471.329346
3471.752441
3472.175293
3472.598633
3473.021729
3473.785400
3474.183105
3474.581055
3474.978760
3475.376709
3475.774658
3476.186035
3476.607910
3477.029785
3477.451660
3477.873779
3478.295654
3478.717773
3479.073975
3479.470703
3479.867432
3480.263916
3480.660645
3481.057373
3481.454102
3481.778320
3482.195557
3482.613037
3483.030273
3483.447754
3483.865234
3484.282715
3484.989990
3485.468994
3485.947998
3486.427002
3486.906006
3487.255615
3487.731934
3488.208252
3488.684570
3489.160889
3489.637451
3490.082031
3490.546631
3491.010986
3491.475342
3491.939941
3492.404297
3492.752441
3493.220703
3493.689453
3494.157715
3494.625977
3495.094238
3495.668945
3496.135742
3496.602295
3497.069336
3497.535889
3498.011963
3498.479980
3498.948242
3499.416748
3499.885010
3500.353027
3500.813232
3501.284424
3501.755371
3502.226074
3502.697021
3503.167969
3503.623779
3504.094238
3504.564697
3505.035400
3505.505615
3505.976074
3506.320068
3506.789551
3507.259033
3507.728271
3508.197754
3508.666992
3509.084229
3509.553223
3510.021973
3510.490967
3510.959961
3511.428711
3511.855957
3512.324707
3512.793213
3513.261963
3513.730713
3514.199219
3514.657715
3515.126709
3515.595703
3516.064697
3516.533691
3517.002686
3517.458252
3517.938232
3518.418213
3518.898438
3519.378418
3519.885986
3520.358643
3520.831055
3521.303711
3521.775879
3522.248779
3522.947754
3523.416016
3523.884033
3524.352051
3524.820312
3525.399414
3525.868652
3526.337891
3526.807373
3527.276611
3527.746094
3528.200439
3528.604248
3529.008301
3529.412598
3529.816650
3530.220703
3530.624756
3531.058350
3531.459961
3531.861328
3532.262939
3532.664551
3533.066406
3533.467773
3533.858643
3534.260254
3534.662109
3535.063232
3535.465088
3535.866699
3536.361572
3536.762939
3537.164062
3537.565430
3537.966553
3538.367676
3538.769043
3539.106934
3539.507324
3539.907959
3540.308594
3540.708984
3541.109619
3541.510010
3541.962402
3542.362549
3542.762695
3543.163086
3543.563232
3543.963379
3544.363770
3544.706055
3545.104980
3545.503906
3545.903076
3546.302002
3546.700684
3547.099609
3547.464355
3547.861328
3548.258057
3548.655029
3549.052002
3549.448975
3549.845947
3550.172363
3550.554443
3550.936279
3551.318359
3551.700439
3552.082275
3552.464355
3552.837646
3553.221680
3553.605713
3553.989258
3554.373291
3554.757324
3555.141357
3555.528564
3555.927002
3556.325439
3556.723633
3557.122070
3557.520264
3557.918701
3558.419678
3558.818604
3559.218018
3559.616943
3560.016357
3560.415283
